3.512699009429522068e+00 4.000000000000000000e+00
1.502082741256859588e+00 2.000000000000000000e+00
1.211572122464595225e+00 1.000000000000000000e+00
2.801442368506167124e+00 2.000000000000000000e+00
3.625397951949259401e+00 5.000000000000000000e+00
2.173221654609859055e+00 3.000000000000000000e+00
4.905744572084616451e+00 1.200000000000000000e+01
3.455665719065830199e+00 1.000000000000000000e+01
2.456566317273368938e+00 2.000000000000000000e+00
2.021375839151337672e+00 1.000000000000000000e+00
1.781572279139260306e+00 2.000000000000000000e+00
3.672343566181804242e+00 7.000000000000000000e+00
2.249003998930159565e+00 2.000000000000000000e+00
3.924216933868849289e-01 0.000000000000000000e+00
2.050416851119114092e+00 4.000000000000000000e+00
3.716177488086975345e+00 1.000000000000000000e+01
9.942094792221499722e-01 3.000000000000000000e+00
9.597136051227135312e-01 0.000000000000000000e+00
2.704601731825008404e+00 2.000000000000000000e+00
2.705955176774643700e+00 2.000000000000000000e+00
3.208564696901473390e+00 3.000000000000000000e+00
4.262215790981168873e+00 9.000000000000000000e+00
3.649831091817112849e+00 5.000000000000000000e+00
3.094015202320156366e+00 6.000000000000000000e+00
3.639972574594085852e+00 9.000000000000000000e+00
1.682498677880573279e+00 2.000000000000000000e+00
1.872764412549339230e+00 2.000000000000000000e+00
1.218489831306882598e+00 0.000000000000000000e+00
1.539198827305263917e+00 1.000000000000000000e+00
3.191783006886990126e+00 2.000000000000000000e+00
5.513142057308684230e-01 0.000000000000000000e+00
2.225135746129688563e+00 2.000000000000000000e+00
2.211227540315254814e+00 4.000000000000000000e+00
2.519056978486500675e+00 3.000000000000000000e+00
2.186568422449557403e+00 5.000000000000000000e+00
1.630079992565079960e+00 2.000000000000000000e+00
2.189121404117760239e+00 4.000000000000000000e+00
4.477606899273960828e+00 8.000000000000000000e+00
4.726384089199010319e+00 8.000000000000000000e+00
2.558999711833249258e+00 1.000000000000000000e+00
3.157369463781344976e+00 4.000000000000000000e+00
6.665301358885490357e-01 0.000000000000000000e+00
1.654698860919572523e+00 1.000000000000000000e+00
2.132648438572795957e+00 1.000000000000000000e+00
4.344914873628493268e+00 4.000000000000000000e+00
1.327231290442882905e+00 0.000000000000000000e+00
2.466867894887251556e+00 1.000000000000000000e+00
4.929242949492454784e+00 2.100000000000000000e+01
2.645477084373065946e+00 6.000000000000000000e+00
3.103183176238541563e+00 2.000000000000000000e+00
6.910804633525863272e-01 0.000000000000000000e+00
4.149069922483483275e+00 2.000000000000000000e+00
3.054994629213544144e+00 6.000000000000000000e+00
2.770833231685678300e+00 6.000000000000000000e+00
1.779542785494111268e+00 1.000000000000000000e+00
1.590191866233202189e+00 2.000000000000000000e+00
2.143408834021037990e+00 0.000000000000000000e+00
3.438373752384703774e+00 5.000000000000000000e+00
4.389738524796356955e+00 1.400000000000000000e+01
2.601069453642254725e+00 6.000000000000000000e+00
3.379637536515134322e+00 3.000000000000000000e+00
2.971089107554843345e+00 3.000000000000000000e+00
3.162027160268439552e+00 4.000000000000000000e+00
3.405976349840341921e+00 9.000000000000000000e+00
4.227477944339261384e+00 1.300000000000000000e+01
5.076554428289500320e-01 0.000000000000000000e+00
3.842045923072357372e+00 7.000000000000000000e+00
1.293965235230682742e+00 1.000000000000000000e+00
1.051692506835977259e+00 0.000000000000000000e+00
2.905039091708218280e+00 3.000000000000000000e+00
5.689913314006969092e-01 0.000000000000000000e+00
4.438101448748184019e+00 7.000000000000000000e+00
3.173519963051217196e+00 5.000000000000000000e+00
3.644740155130778536e+00 1.000000000000000000e+01
1.790331128055824839e-01 0.000000000000000000e+00
3.012716209280708490e+00 4.000000000000000000e+00
2.828247442732014783e+00 5.000000000000000000e+00
8.789022563091415385e-01 0.000000000000000000e+00
8.500455241113882288e-01 2.000000000000000000e+00
3.508094690977463515e+00 4.000000000000000000e+00
1.661955489271194297e+00 2.000000000000000000e+00
3.490654448105916519e+00 1.000000000000000000e+00
2.816477923617083601e+00 7.000000000000000000e+00
2.005857813203408835e+00 1.000000000000000000e+00
4.633149199108531846e+00 7.000000000000000000e+00
4.224182984872309810e+00 7.000000000000000000e+00
1.851248076747563642e+00 1.000000000000000000e+00
3.135981726152987092e-01 0.000000000000000000e+00
1.593363559714377597e+00 3.000000000000000000e+00
2.051109841398107037e+00 2.000000000000000000e+00
3.554298269211674910e+00 6.000000000000000000e+00
4.977256561966686199e+00 1.800000000000000000e+01
1.843982842015551959e+00 1.000000000000000000e+00
3.836484287548625804e+00 1.200000000000000000e+01
3.006566891154883958e+00 6.000000000000000000e+00
3.489338813630868064e+00 5.000000000000000000e+00
8.405245165055931222e-01 0.000000000000000000e+00
2.054493834358167348e+00 2.000000000000000000e+00
1.280193898845759959e+00 2.000000000000000000e+00
1.782934468836792297e+00 2.000000000000000000e+00
