2.0794415416798357
3.295836866004329
3.295836866004329
3.295836866004329
2.0794415416798357
3.295836866004329
3.295836866004329
3.295836866004329
2.0794415416798357
2.0794415416798357
3.295836866004329
3.295836866004329
3.295836866004329
2.0794415416798357
3.295836866004329
3.295836866004329
3.295836866004329
2.0794415416798357
2.0794415416798357
2.0794415416798357
2.0794415416798357
2.0794415416798357
2.0794415416798357
3.295836866004329
3.295836866004329
3.295836866004329
3.295836866004329
3.295836866004329
3.295836866004329
3.295836866004329
3.295836866004329
3.295836866004329
3.295836866004329
2.0794415416798357
2.0794415416798357
2.0794415416798357
2.0794415416798357
2.0794415416798357
3.9889840465642745
0.0
