82
84
86
89
91
94
98
100
102
104
107
109
111
112
113
114
116
118
120
122
125
127
128
129
130
131
134
136
138
140
143
145
149
152
154
155
156
157
158
161
209
210
213
214
216
217
220
222
223
225
229
230
232
239
240
242
246
247
258
260
262
267
268
269
270
277
287
292
297
298
299
300
301
302
303
304
305
306
307
308
309
310
311
312
313
314
315
316
317
318
319
320
321
322
323
324
325
326
327
328
329
330
331
332
333
334
335
336
337
338
339
340
341
390
392
393
394
396
397
398
399
400
401
403
407
409
410
411
412
413
414
415
416
420
422
424
426
427
428
429
430
431
448
450
453
455
458
460
464
467
472
480
482
483
484
485
486
487
488
489
490
491
493
495
497
498
499
500
501
502
503
504
505
506
509
510
512
513
514
515
516
517
518
519
520
521
569
570
574
575
576
579
580
583
584
586
588
589
593
594
596
599
602
606
607
610
617
618
619
620
622
623
624
625
626
628
630
631
632
634
637
638
639
640
641
647
649
652
653
654
655
656
659
660
661
662
663
664
665
666
667
668
669
670
671
673
674
675
676
677
678
679
680
681
682
683
684
685
686
689
691
692
693
694
695
696
697
698
699
700
701
752
753
754
755
756
762
763
764
766
769
770
772
773
774
775
776
787
788
789
790
791
842
843
844
845
846
847
848
849
850
851
852
853
854
856
857
858
859
860
861
862
863
864
865
866
877
878
879
880
881
908
909
910
914
915
917
918
920
923
924
926
929
930
933
942
943
944
945
948
950
957
958
959
960
961
962
963
964
965
966
967
968
969
970
971
972
973
974
975
976
977
978
979
980
981
985
987
997
1007
1008
1009
1010
1013
1014
1015
1017
1018
1019
1020
1023
1024
1025
1026
1029
1030
1032
1033
1034
1038
1040
1042
1043
1044
1045
1048
1050
1057
1058
1059
1060
1061
1062
1063
1064
1065
1066
1067
1068
1069
1070
1071
1072
1073
1074
1075
1076
1077
1078
1079
1080
1081
1130
1132
1133
1134
1136
1137
1138
1139
1140
1141
1145
1147
1148
1149
1151
1152
1153
1154
1155
1156
1160
1162
1163
1164
1166
1167
1168
1169
1170
1171
1187
1188
1189
1190
1192
1193
1194
1195
1197
1198
1199
1200
1202
1203
1204
1205
1206
1207
1208
1209
1210
1211
1212
1213
1214
1215
1216
1220
1222
1223
1224
1226
1227
1228
1229
1230
1231
1232
1233
1234
1235
1237
1238
1239
1240
1241
1242
1243
1244
1245
1246
1247
1248
1249
1250
1251
1252
1253
1254
1255
1256
1257
1258
1259
1260
1261
1309
1310
1314
1315
1319
1320
1324
1325
1326
1329
1330
1334
1335
1339
1340
1344
1345
1349
1350
1357
1358
1359
1360
1361
1367
1368
1369
1370
1371
1377
1378
1379
1380
1381
1392
1393
1394
1395
1396
1399
1400
1402
1403
1404
1405
1406
1407
1408
1409
1410
1411
1412
1413
1414
1415
1416
1417
1418
1419
1420
1421
1422
1423
1424
1425
1426
1429
1430
1434
1435
1437
1438
1439
1440
1441
1470
1472
1477
1478
1479
1481
1482
1483
1485
1486
1488
1493
1494
1495
1499
1500
1504
1505
1509
1510
1517
1519
1520
1523
1524
1525
1527
1528
1529
1530
1531
1532
1533
1534
1535
1536
1541
1543
1567
1569
1573
1575
1577
1578
1579
1580
1581
1582
1583
1584
1585
1586
1592
1593
1594
1595
1596
1597
1598
1599
1600
1601
1602
1603
1604
1605
1606
1607
1608
1609
1610
1611
1612
1613
1614
1615
1617
1618
1619
1620
1621
1622
1623
1624
1625
1626
1627
1628
1629
1630
1631
1632
1633
1634
1635
1636
1637
1638
1639
1640
1641
1672
1673
1674
1675
1680
1681
1682
1683
1687
1692
1715
1717
1718
1719
1720
1721
1727
1728
1729
1731
