86
91
113
122
128
130
140
145
225
303
306
312
322
323
324
325
326
336
394
399
400
407
409
411
412
413
414
416
477
478
480
482
484
486
487
488
489
490
492
493
495
497
499
500
501
502
503
504
505
506
507
508
509
510
512
514
516
517
518
519
520
632
637
638
640
662
664
665
666
668
670
677
679
683
685
692
694
696
698
700
755
772
773
774
776
837
838
842
843
845
852
853
855
862
863
864
865
866
867
868
872
873
877
878
908
920
933
967
973
976
1008
1011
1012
1014
1016
1020
1026
1033
1035
1036
1037
1039
1041
1045
1076
1134
1139
1140
1147
1149
1151
1152
1154
1155
1156
1162
1164
1167
1169
1170
1192
1197
1207
1212
1221
1224
1227
1228
1229
1230
1231
1232
1233
1235
1237
1238
1239
1241
1242
1243
1244
1245
1246
1252
1253
1254
1255
1257
1258
1259
1260
1377
1378
1379
1380
1406
1410
1422
1423
1424
1425
1482
1493
1529
1535
1543
1618
1620
1621
1622
1624
1626
1628
1630
1631
1632
1634
1636
1637
1638
1639
1640
1721
