inf nan 8.0000000e+00 0.0000000e+00 0.0000000e+00 0.0000000e+00 0.0000000e+00
inf nan 4.0000000e+00 0.0000000e+00 0.0000000e+00 0.0000000e+00 0.0000000e+00
1.3842431e+03 0.0000000e+00 2.0000000e+00 0.0000000e+00 0.0000000e+00 0.0000000e+00 0.0000000e+00
1.9658330e+03 0.0000000e+00 3.0000000e+00 0.0000000e+00 0.0000000e+00 0.0000000e+00 0.0000000e+00
nan nan 7.0000000e+00 0.0000000e+00 0.0000000e+00 0.0000000e+00 0.0000000e+00
inf nan 6.0000000e+00 0.0000000e+00 0.0000000e+00 0.0000000e+00 0.0000000e+00
1.4226583e+03 0.0000000e+00 2.1000000e+01 0.0000000e+00 0.0000000e+00 0.0000000e+00 0.0000000e+00
1.3495769e+03 0.0000000e+00 0.0000000e+00 0.0000000e+00 0.0000000e+00 0.0000000e+00 0.0000000e+00
inf nan 9.0000000e+00 0.0000000e+00 0.0000000e+00 0.0000000e+00 0.0000000e+00
1.3371266e+03 inf 0.0000000e+00 0.0000000e+00 0.0000000e+00 0.0000000e+00 0.0000000e+00
inf nan 9.0000000e+00 0.0000000e+00 0.0000000e+00 0.0000000e+00 0.0000000e+00
inf nan 1.7000000e+01 0.0000000e+00 0.0000000e+00 0.0000000e+00 0.0000000e+00
1.3495769e+03 0.0000000e+00 0.0000000e+00 0.0000000e+00 0.0000000e+00 0.0000000e+00 0.0000000e+00
inf nan 9.0000000e+00 0.0000000e+00 0.0000000e+00 0.0000000e+00 0.0000000e+00
9.5275067e+02 5.7670565e+00 1.2000000e+01 5.0401899e+00 0.0000000e+00 0.0000000e+00 0.0000000e+00
inf nan 1.6000000e+01 0.0000000e+00 0.0000000e+00 0.0000000e+00 0.0000000e+00
1.5908381e+02 4.7606957e+00 2.0000000e+01 6.0200013e-01 0.0000000e+00 0.0000000e+00 0.0000000e+00
inf nan 4.0000000e+00 0.0000000e+00 0.0000000e+00 0.0000000e+00 0.0000000e+00
inf nan 4.0000000e+00 0.0000000e+00 0.0000000e+00 0.0000000e+00 0.0000000e+00
inf nan 4.0000000e+00 0.0000000e+00 0.0000000e+00 0.0000000e+00 0.0000000e+00
inf nan 4.0000000e+00 0.0000000e+00 0.0000000e+00 0.0000000e+00 0.0000000e+00
inf nan 1.0000000e+01 0.0000000e+00 0.0000000e+00 0.0000000e+00 0.0000000e+00
4.5498433e+02 0.0000000e+00 1.5000000e+01 0.0000000e+00 0.0000000e+00 0.0000000e+00 0.0000000e+00
inf nan 6.0000000e+00 0.0000000e+00 0.0000000e+00 0.0000000e+00 0.0000000e+00
5.2182055e+02 0.0000000e+00 2.3000000e+01 0.0000000e+00 0.0000000e+00 0.0000000e+00 0.0000000e+00
inf nan 1.0000000e+00 0.0000000e+00 0.0000000e+00 0.0000000e+00 0.0000000e+00
9.6298171e+02 0.0000000e+00 1.8000000e+01 0.0000000e+00 0.0000000e+00 0.0000000e+00 0.0000000e+00
inf nan 5.0000000e+00 0.0000000e+00 0.0000000e+00 0.0000000e+00 0.0000000e+00
inf nan 1.6000000e+01 0.0000000e+00 0.0000000e+00 0.0000000e+00 0.0000000e+00
inf nan 5.0000000e+00 0.0000000e+00 0.0000000e+00 0.0000000e+00 0.0000000e+00
inf nan 1.6000000e+01 0.0000000e+00 0.0000000e+00 0.0000000e+00 0.0000000e+00
inf nan 1.7000000e+01 0.0000000e+00 0.0000000e+00 0.0000000e+00 0.0000000e+00
7.6485606e+02 2.9828347e+00 2.2000000e+01 3.4197101e+00 0.0000000e+00 0.0000000e+00 0.0000000e+00
inf nan 9.0000000e+00 0.0000000e+00 0.0000000e+00 0.0000000e+00 0.0000000e+00
5.4257126e+02 3.2867665e+00 1.4000000e+01 4.6343109e+00 0.0000000e+00 0.0000000e+00 0.0000000e+00
inf nan 1.6000000e+01 0.0000000e+00 0.0000000e+00 0.0000000e+00 0.0000000e+00
1.0774367e+03 2.8025221e+00 1.1000000e+01 1.2355545e+00 0.0000000e+00 0.0000000e+00 0.0000000e+00
inf nan 4.0000000e+00 0.0000000e+00 0.0000000e+00 0.0000000e+00 0.0000000e+00
inf nan 4.0000000e+00 0.0000000e+00 0.0000000e+00 0.0000000e+00 0.0000000e+00
inf nan 4.0000000e+00 0.0000000e+00 0.0000000e+00 0.0000000e+00 0.0000000e+00
inf nan 4.0000000e+00 0.0000000e+00 0.0000000e+00 0.0000000e+00 0.0000000e+00
inf nan 1.0000000e+01 0.0000000e+00 0.0000000e+00 0.0000000e+00 0.0000000e+00
4.5498433e+02 0.0000000e+00 1.5000000e+01 0.0000000e+00 0.0000000e+00 0.0000000e+00 0.0000000e+00
inf nan 6.0000000e+00 0.0000000e+00 0.0000000e+00 0.0000000e+00 0.0000000e+00
3.0425637e+03 0.0000000e+00 1.3000000e+01 0.0000000e+00 0.0000000e+00 0.0000000e+00 0.0000000e+00
1.9658330e+03 0.0000000e+00 3.0000000e+00 0.0000000e+00 0.0000000e+00 0.0000000e+00 0.0000000e+00
1.4226583e+03 0.0000000e+00 2.1000000e+01 0.0000000e+00 0.0000000e+00 0.0000000e+00 0.0000000e+00
7.6485606e+02 2.9828347e+00 2.2000000e+01 3.4197101e+00 0.0000000e+00 0.0000000e+00 0.0000000e+00
inf nan 9.0000000e+00 0.0000000e+00 0.0000000e+00 0.0000000e+00 0.0000000e+00
7.6485606e+02 inf 2.2000000e+01 0.0000000e+00 0.0000000e+00 0.0000000e+00 0.0000000e+00
inf nan 9.0000000e+00 0.0000000e+00 0.0000000e+00 0.0000000e+00 0.0000000e+00
inf nan 1.7000000e+01 0.0000000e+00 0.0000000e+00 0.0000000e+00 0.0000000e+00
inf nan 5.0000000e+00 0.0000000e+00 0.0000000e+00 0.0000000e+00 0.0000000e+00
inf nan 1.6000000e+01 0.0000000e+00 0.0000000e+00 0.0000000e+00 0.0000000e+00
inf nan 1.9000000e+01 0.0000000e+00 0.0000000e+00 0.0000000e+00 0.0000000e+00
inf nan 9.0000000e+00 0.0000000e+00 0.0000000e+00 0.0000000e+00 0.0000000e+00
1.5908381e+02 4.7606957e+00 2.0000000e+01 6.0200013e-01 0.0000000e+00 0.0000000e+00 0.0000000e+00
inf nan 4.0000000e+00 0.0000000e+00 0.0000000e+00 0.0000000e+00 0.0000000e+00
inf nan 4.0000000e+00 0.0000000e+00 0.0000000e+00 0.0000000e+00 0.0000000e+00
inf nan 4.0000000e+00 0.0000000e+00 0.0000000e+00 0.0000000e+00 0.0000000e+00
inf nan 4.0000000e+00 0.0000000e+00 0.0000000e+00 0.0000000e+00 0.0000000e+00
inf nan 1.0000000e+01 0.0000000e+00 0.0000000e+00 0.0000000e+00 0.0000000e+00
1.3842431e+03 0.0000000e+00 2.0000000e+00 0.0000000e+00 0.0000000e+00 0.0000000e+00 0.0000000e+00
nan nan 7.0000000e+00 0.0000000e+00 0.0000000e+00 0.0000000e+00 0.0000000e+00
