+------+----------------+---------+----------+---------+---------+----------+----------+----------+----------+----------+
| Rank |    Function    |   L(D)  |   Prel   |  -logL  | Codelen |  AIFeyn  |    a0    |    a1    |    a2    |    a3    |
+------+----------------+---------+----------+---------+---------+----------+----------+----------+----------+----------+
|  1   |   pow(x,a0)    |  165.31 | 8.62e-01 |  157.95 |   4.06  | 3.30e+00 | 1.49e+00 | 0.00e+00 | 0.00e+00 | 0.00e+00 |
|  2   | pow(Abs(a0),x) |  167.14 | 1.38e-01 |  159.08 |   4.76  | 3.30e+00 | 1.66e+00 | 0.00e+00 | 0.00e+00 | 0.00e+00 |
|  3   |      a0*x      |  230.32 | 5.05e-29 |  223.67 |   3.35  | 3.30e+00 | 1.75e+00 | 0.00e+00 | 0.00e+00 | 0.00e+00 |
|  4   |      2*x       |  251.56 | 3.01e-38 |  249.48 |   0.00  | 2.08e+00 | 0.00e+00 | 0.00e+00 | 0.00e+00 | 0.00e+00 |
|  5   |     a0 + x     |  343.07 | 5.46e-78 |  337.63 |   2.14  | 3.30e+00 | 1.47e+00 | 0.00e+00 | 0.00e+00 | 0.00e+00 |
|  6   |     a0 - x     | 1072.73 | 0.00e+00 | 1065.80 |   3.64  | 3.30e+00 | 6.58e+00 | 0.00e+00 | 0.00e+00 | 0.00e+00 |
|  7   |       1        | 1089.65 | 0.00e+00 | 1087.57 |   0.00  | 2.08e+00 | 0.00e+00 | 0.00e+00 | 0.00e+00 | 0.00e+00 |
|  8   |      a0/x      | 1341.53 | 0.00e+00 | 1336.11 |   2.12  | 3.30e+00 | 1.56e+00 | 0.00e+00 | 0.00e+00 | 0.00e+00 |
|  9   |       0        | 1440.27 | 0.00e+00 | 1440.27 |   0.00  | 0.00e+00 | 0.00e+00 | 0.00e+00 | 0.00e+00 | 0.00e+00 |
|  10  |      x**2      | 1454.55 | 0.00e+00 | 1452.47 |   0.00  | 2.08e+00 | 0.00e+00 | 0.00e+00 | 0.00e+00 | 0.00e+00 |
+------+----------------+---------+----------+---------+---------+----------+----------+----------+----------+----------+
