0;a0*x**2;-268.49032655665945;0.8295274203714784;-276.42605;2.442662;5.493061443340549;0.49724813;0.0;0.0;0.0
1;pow(x,(pow(x,a0)));-266.25721725665943;0.08892086933008048;-273.84848;2.0982013;5.493061443340549;0.28278877;0.0;0.0;0.0
2;pow(x,(pow(Abs(a0),x)));-265.2059921566595;0.031078671050423372;-275.15622;4.4571664;5.493061443340549;1.1015072;0.0;0.0;0.0
3;pow(Abs(a0 + x),a1);-264.78966779440054;0.020495337132705918;-275.85566;4.1345204;6.931471805599453;-0.36354817;1.5891462;0.0;0.0
4;pow(Abs(a0 - x),a1);-264.78966779440054;0.0;-275.85566;4.1345204;6.931471805599453;0.36354819;1.5891462;0.0;0.0
5;a1 + pow(Abs(a0),x);-264.6868231944005;0.01849226993348369;-277.02842;5.410125;6.931471805599453;1.7315333;-1.1031643;0.0;0.0
6;a1*pow(x,a0);-263.7777224944005;0.007450283633897824;-276.47969;5.7704957;6.931471805599453;1.9502643;0.52783388;0.0;0.0
7;pow((x*Abs(1/a0)),a1);-263.39847699440054;0.0;-276.47969;6.1497412;6.931471805599453;1.3876815;1.9502642;0.0;0.0
8;pow((x*Abs(a0)),a1);-263.39847679440055;0.0;-276.47969;6.1497414;6.931471805599453;0.72062644;1.9502643;0.0;0.0
9;pow((Abs(a0)/x),a1);-263.39847669440053;0.0;-276.47969;6.1497415;6.931471805599453;1.3876815;-1.9502643;0.0;0.0
10;1/(a0 + 1/x);-262.84790899440054;0.0029400853258603615;-272.02299;2.2436092;6.931471805599453;-0.11877624;0.0;0.0;0.0
11;x*pow(x,a0);-261.13756609440054;0.0005315785532825986;-269.91701;1.8479721;6.931471805599453;0.44907253;0.0;0.0;0.0
12;pow(Abs(a0),(a1 + x));-260.7055397944005;0.00034509670507308757;-273.1834;5.5463884;6.931471805599453;1.9999186;-1.0506399;0.0;0.0
13;pow(Abs(a0),(a1 - x));-260.7055397944005;0.0;-273.1834;5.5463884;6.931471805599453;0.50002035;1.05064;0.0;0.0
14;a0/pow(Abs(a1),x);-260.07287179440056;0.0;-273.1834;6.1790564;6.931471805599453;0.48277463;-0.50002036;0.0;0.0
15;a1*pow(Abs(a0),x);-260.07287179440056;0.0;-273.1834;6.1790564;6.931471805599453;1.9999186;0.48277462;0.0;0.0
16;a1 + pow(x,a0);-259.9110211944005;0.00015591423529414414;-269.88248;3.039987;6.931471805599453;1.4597834;0.0;0.0;0.0
17;pow(x,a0)/x;-259.4412857944005;0.0;-269.91701;3.5442524;6.931471805599453;2.4490725;0.0;0.0;0.0
18;x/pow(Abs(a0),x);-258.7471049944005;4.868592053895297e-05;-269.38977;3.7111932;6.931471805599453;0.85675188;0.0;0.0;0.0
19;x*pow(Abs(a0),x);-258.74710489440054;0.0;-269.38977;3.7111933;6.931471805599453;1.1671991;0.0;0.0;0.0
20;pow(x,(a0*x));-257.29824005665944;1.1433240484389886e-05;-265.85087;3.0595685;5.493061443340549;0.36077937;0.0;0.0;0.0
21;pow(Abs(a0),(pow(x,a1)));-255.2996231566595;1.5494624193884232e-06;-268.76746;7.9747754;5.493061443340549;1.3462993;1.3796253;0.0;0.0
22;-x + pow(Abs(a0),x);-254.57957959440054;7.541714740338706e-07;-265.69901;4.1879586;6.931471805599453;1.8703571;0.0;0.0;0.0
23;pow(Abs(a0),(2*x));-251.84430889440054;4.892796240122212e-08;-263.18241;4.4066293;6.931471805599453;1.2826689;0.0;0.0;0.0
24;pow(Abs(a0),(a1*x));-251.60352325665946;0.0;-263.18241;6.0858253;5.493061443340549;2.5799851;0.52531612;0.0;0.0
25;pow(Abs(a0),(x**2));-248.50314615665948;1.7318432843233232e-09;-259.16989;5.1736824;5.493061443340549;1.1283376;0.0;0.0;0.0
26;pow(Abs(a0),(pow(Abs(a1),x)));-246.42880965665944;2.17588377762238e-10;-260.45108;8.5292089;5.493061443340549;1.44658;1.5092298;0.0;0.0
27;a0*x + x;-244.70969829440057;3.899735176167767e-11;-253.05078;1.4096099;6.931471805599453;0.55259978;0.0;0.0;0.0
28;a1*(a0 + x);-243.67333619440055;1.3834031957945889e-11;-253.04747;2.442662;6.931471805599453;0.0;1.5589431;0.0;0.0
29;a0*x - x;-243.17946469440056;0.0;-253.05078;2.9398435;6.931471805599453;2.5525998;0.0;0.0;0.0
30;a0 + a1*x;-242.23054489440057;3.2685299925692774e-12;-251.66532;2.5033033;6.931471805599453;0.0;1.6859478;0.0;0.0
31;pow((2*x),a0);-236.10096309440056;7.117195940413979e-15;-246.00052;2.9680851;6.931471805599453;0.90393526;0.0;0.0;0.0
32;x + pow(x,a0);-234.50768709440055;1.4466315996244668e-15;-242.89301;1.4538511;6.931471805599453;0.75330481;0.0;0.0;0.0
33;a0 + 2*x;-233.68431855665946;6.349997216210442e-16;-239.17738;0.0;5.493061443340549;0.0;0.0;0.0;0.0
34;pow(Abs(a0),x)/x;-231.24416419440055;5.533857356806097e-17;-241.88938;3.713744;6.931471805599453;2.314196;0.0;0.0;0.0
35;x + pow(Abs(a0),x);-228.21040879440056;2.663696442677339e-18;-237.82926;2.6873794;6.931471805599453;1.273334;0.0;0.0;0.0
36;x + 1;-223.37321855665945;2.1121254156450002e-20;-228.86628;0.0;5.493061443340549;0.0;0.0;0.0;0.0
37;a0/x + x;-212.76662819440057;5.228005507376704e-25;-219.6981;0.0;6.931471805599453;0.0;0.0;0.0;0.0
38;pow(x,(a0/x));-193.45123579440056;2.1368188260146823e-33;-203.25346;2.8707524;6.931471805599453;4.4499965;0.0;0.0;0.0
39;pow((x*Abs(a0)),x);-177.01010539440057;1.5469472056888817e-40;-187.73427;3.7926928;6.931471805599453;0.40237848;0.0;0.0;0.0
40;pow((x*Abs(1/a0)),x);-177.01010529440057;0.0;-187.73427;3.7926929;6.931471805599453;2.4852223;0.0;0.0;0.0
41;a0 - pow(Abs(a1),x);-152.53117229440056;3.6175115308779264e-51;-163.53358;4.0709359;6.931471805599453;4.2163887;0.64761983;0.0;0.0
42;x*(a0 + x);-145.47087819440057;3.1057261290352396e-54;-152.40235;0.0;6.931471805599453;0.0;0.0;0.0;0.0
43;a0 + x**2;-145.47087819440057;0.0;-152.40235;0.0;6.931471805599453;0.0;0.0;0.0;0.0
44;1 - a0;-141.28621029440055;4.729170570320349e-56;-150.37014;2.1524579;6.931471805599453;-2.97;0.0;0.0;0.0
45;3*x;-140.98113409720025;3.4857165569061473e-56;-144.44687;0.0;3.4657359027997265;0.0;0.0;0.0;0.0
46;a0 - 1;-140.77135249440056;0.0;-150.37014;2.6673157;6.931471805599453;4.97;0.0;0.0;0.0
47;a0/x + a1;-140.39310829440055;1.9360461609099568e-56;-149.82368;2.4990999;6.931471805599453;0.0;4.1819582;0.0;0.0
48;a0/(a1 + x);-138.54422299440054;3.047579365966991e-57;-150.36189;4.8861952;6.931471805599453;181266.61;45615.127;0.0;0.0
49;a0 - pow(x,a1);-134.23569089440056;4.099994822880993e-59;-143.70757;2.5404073;6.931471805599453;4.2863929;0.0;0.0;0.0
50;2;-69.68636955665944;3.7963761883532777e-87;-75.179431;0.0;5.493061443340549;0.0;0.0;0.0;0.0
51;pow(x,(a0 + x));-45.63476189440055;1.3610959826040607e-97;-56.440705;3.8744713;6.931471805599453;-2.5360636;0.0;0.0;0.0
52;pow(Abs(a0),(pow(x,x)));-29.066658556659448;8.678664444411498e-105;-59.657378;25.097658;5.493061443340549;1.0011589;0.0;0.0;0.0
53;pow(x,(a0 - x));-14.402656394400545;3.7149902240577525e-111;-25.473457;4.1393288;6.931471805599453;4.883663;0.0;0.0;0.0
54;pow((Abs(a0)/x),x);-3.4752964944005464;6.672146429332991e-116;-13.992665;3.5858967;6.931471805599453;5.5758674;0.0;0.0;0.0
55;x**2 + x;-0.3773158566594512;3.0118245771124744e-117;-5.8703773;0.0;5.493061443340549;0.0;0.0;0.0;0.0
56;pow(Abs(a0),(-1/x));93.84020150559947;3.6364848605385734e-158;84.520204;2.3885257;6.931471805599453;0.68979144;0.0;0.0;0.0
57;pow(Abs(a0),(a1/x));95.09849780559946;0.0;84.520204;3.646822;6.931471805599453;1.5326959;0.86965208;0.0;0.0
58;x/(a0 + x);102.04850770559946;9.905118952174126e-162;93.869557;1.2474789;6.931471805599453;-0.12411589;0.0;0.0;0.0
59;a0*pow(x,x);123.47039410559945;4.925526272770952e-171;114.09626;2.4426623;6.931471805599453;0.022422031;0.0;0.0;0.0
60;2/x;327.17196144334054;1.6826197806457278e-259;321.6789;0.0;5.493061443340549;0.0;0.0;0.0;0.0
61;1/2;330.67249144334056;5.078379212646428e-261;325.17943;0.0;5.493061443340549;0.0;0.0;0.0;0.0
62;2*x**2;376.3054314433405;7.719534142148147e-281;370.81237;0.0;5.493061443340549;0.0;0.0;0.0;0.0
63;pow(Abs(a0 + x),x);380.4686864055995;1.200915459267355e-282;369.37788;4.1593346;6.931471805599453;-2.4187789;0.0;0.0;0.0
64;pow(Abs(a0 - x),x);380.4686864055995;0.0;369.37788;4.1593346;6.931471805599453;2.4187789;0.0;0.0;0.0
65;1/(x + 1/x);558.9954014433406;0.0;553.50234;0.0;5.493061443340549;0.0;0.0;0.0;0.0
66;a0/x**2;745.9278134433406;0.0;737.99209;2.442662;5.493061443340549;4.6461144;0.0;0.0;0.0
67;a0/pow(x,x);1185.1613338055993;0.0;1175.7872;2.442662;6.931471805599453;12.789628;0.0;0.0;0.0
68;x/pow(x,x);1356.1291614433405;0.0;1350.6361;0.0;5.493061443340549;0.0;0.0;0.0;0.0
69;x**3;1362.8067359027996;0.0;1359.341;0.0;3.4657359027997265;0.0;0.0;0.0;0.0
70;pow(x,x)/x;2688.5620614433406;0.0;2683.069;0.0;5.493061443340549;0.0;0.0;0.0;0.0
71;pow(x,(-1/x));15158.91106144334;0.0;15153.418;0.0;5.493061443340549;0.0;0.0;0.0;0.0
72;-x + pow(x,x);15779.69106144334;0.0;15774.198;0.0;5.493061443340549;0.0;0.0;0.0;0.0
73;a0 + pow(x,x);15880.8974375056;0.0;15872.504;1.4619657;6.931471805599453;-0.69267053;0.0;0.0;0.0
74;x + pow(x,x);16130.31706144334;0.0;16124.824;0.0;5.493061443340549;0.0;0.0;0.0;0.0
75;x*pow(x,x);78043.34006144333;0.0;78037.847;0.0;5.493061443340549;0.0;0.0;0.0;0.0
76;pow((2*x),x);432460.75306144333;0.0;432455.26;0.0;5.493061443340549;0.0;0.0;0.0;0.0
77;pow(x,(2*x));28252423.493061442;0.0;28252418.0;0.0;5.493061443340549;0.0;0.0;0.0;0.0
78;pow(x,(x**2));2.9613359e+17;0.0;2.9613359e+17;0.0;5.493061443340549;0.0;0.0;0.0;0.0
79;x*pow(Abs(a0),a1);inf;0.0;-253.05078;inf;6.931471805599453;0.0;0.0;0.0;0.0
80;(a0 + x)/x;inf;0.0;20.208393;inf;6.931471805599453;0.0;0.0;0.0;0.0
81;x + pow(Abs(a0),a1);inf;0.0;-229.54949;inf;6.931471805599453;0.0;0.0;0.0;0.0
82;pow(x,(pow(Abs(a0),a1)));inf;0.0;-269.91701;inf;5.493061443340549;0.0;0.0;0.0;0.0
83;x - pow(Abs(a0),a1);inf;0.0;-219.6981;inf;6.931471805599453;0.0;0.0;0.0;0.0
84;pow(Abs(a0),a1)/x;inf;0.0;127.03162;inf;6.931471805599453;0.0;0.0;0.0;0.0
