+------+-----------------+----------+-----------+----------+---------+----------+----------+----------+----------+----------+
| Rank |     Function    |   L(D)   |    Prel   |  -logL   | Codelen |  AIFeyn  |    a0    |    a1    |    a2    |    a3    |
+------+-----------------+----------+-----------+----------+---------+----------+----------+----------+----------+----------+
|  1   |    pow(x,a0)    | -263.60  |  9.99e-01 | -269.92  |   3.02  | 3.30e+00 | 1.45e+00 | 0.00e+00 | 0.00e+00 | 0.00e+00 |
|  2   |  pow(Abs(a0),x) | -256.17  |  5.94e-04 | -263.18  |   3.71  | 3.30e+00 | 1.65e+00 | 0.00e+00 | 0.00e+00 | 0.00e+00 |
|  3   |       a0*x      | -247.31  |  8.42e-08 | -253.05  |   2.44  | 3.30e+00 | 1.55e+00 | 0.00e+00 | 0.00e+00 | 0.00e+00 |
|  4   |       2*x       | -237.10  |  3.09e-12 | -239.18  |   0.00  | 2.08e+00 | 0.00e+00 | 0.00e+00 | 0.00e+00 | 0.00e+00 |
|  5   |      a0 + x     | -225.40  |  2.57e-17 | -229.55  |   0.85  | 3.30e+00 | 7.72e-01 | 0.00e+00 | 0.00e+00 | 0.00e+00 |
|  6   |       x**2      | -150.32  |  6.36e-50 | -152.40  |   0.00  | 2.08e+00 | 0.00e+00 | 0.00e+00 | 0.00e+00 | 0.00e+00 |
|  7   |        1        |  102.08  | 1.54e-159 |  100.00  |   0.00  | 2.08e+00 | 0.00e+00 | 0.00e+00 | 0.00e+00 | 0.00e+00 |
|  8   |       a0/x      |  132.77  | 7.21e-173 |  127.03  |   2.44  | 3.30e+00 | 6.54e+00 | 0.00e+00 | 0.00e+00 | 0.00e+00 |
|  9   |     pow(x,x)    | 15917.28 |  0.00e+00 | 15915.20 |   0.00  | 2.08e+00 | 0.00e+00 | 0.00e+00 | 0.00e+00 | 0.00e+00 |
|  10  | pow(Abs(a0),a1) |   inf    |  0.00e+00 | -150.37  |   inf   | 2.08e+00 | 0.00e+00 | 0.00e+00 | 0.00e+00 | 0.00e+00 |
+------+-----------------+----------+-----------+----------+---------+----------+----------+----------+----------+----------+
