2.772588722239781
4.394449154672439
4.394449154672439
4.394449154672439
4.394449154672439
5.545177444479562
4.394449154672439
5.545177444479562
4.394449154672439
4.394449154672439
4.394449154672439
5.545177444479562
4.394449154672439
2.772588722239781
4.394449154672439
5.545177444479562
4.394449154672439
4.394449154672439
4.394449154672439
5.545177444479562
4.394449154672439
5.545177444479562
4.394449154672439
4.394449154672439
4.394449154672439
4.394449154672439
2.772588722239781
2.772588722239781
4.394449154672439
4.394449154672439
4.394449154672439
4.394449154672439
5.545177444479562
4.394449154672439
5.545177444479562
4.394449154672439
4.394449154672439
4.394449154672439
5.545177444479562
4.394449154672439
2.772588722239781
4.394449154672439
5.545177444479562
4.394449154672439
4.394449154672439
4.394449154672439
5.545177444479562
4.394449154672439
5.545177444479562
4.394449154672439
4.394449154672439
4.394449154672439
4.394449154672439
2.772588722239781
4.394449154672439
4.394449154672439
4.394449154672439
4.394449154672439
4.394449154672439
4.394449154672439
4.394449154672439
4.394449154672439
4.394449154672439
4.394449154672439
4.394449154672439
4.394449154672439
4.394449154672439
4.394449154672439
4.394449154672439
5.545177444479562
5.545177444479562
5.545177444479562
5.545177444479562
5.545177444479562
5.545177444479562
5.545177444479562
5.545177444479562
5.545177444479562
5.545177444479562
5.545177444479562
5.545177444479562
5.545177444479562
5.545177444479562
5.545177444479562
5.545177444479562
5.545177444479562
5.545177444479562
5.545177444479562
5.545177444479562
5.545177444479562
5.545177444479562
5.545177444479562
5.545177444479562
5.545177444479562
5.545177444479562
5.545177444479562
5.545177444479562
5.545177444479562
5.545177444479562
4.394449154672439
4.394449154672439
4.394449154672439
4.394449154672439
4.394449154672439
4.394449154672439
4.394449154672439
4.394449154672439
4.394449154672439
4.394449154672439
4.394449154672439
4.394449154672439
4.394449154672439
4.394449154672439
4.394449154672439
4.394449154672439
4.394449154672439
4.394449154672439
4.394449154672439
4.394449154672439
4.394449154672439
4.394449154672439
4.394449154672439
4.394449154672439
4.394449154672439
4.394449154672439
4.394449154672439
4.394449154672439
4.394449154672439
4.394449154672439
5.545177444479562
5.545177444479562
5.545177444479562
5.545177444479562
5.545177444479562
5.545177444479562
5.545177444479562
5.545177444479562
5.545177444479562
5.545177444479562
5.545177444479562
5.545177444479562
5.545177444479562
5.545177444479562
5.545177444479562
5.545177444479562
5.545177444479562
5.545177444479562
5.545177444479562
5.545177444479562
5.545177444479562
5.545177444479562
5.545177444479562
5.545177444479562
5.545177444479562
5.545177444479562
5.545177444479562
5.545177444479562
5.545177444479562
5.545177444479562
4.394449154672439
4.394449154672439
4.394449154672439
4.394449154672439
4.394449154672439
4.394449154672439
4.394449154672439
4.394449154672439
4.394449154672439
4.394449154672439
4.394449154672439
4.394449154672439
4.394449154672439
4.394449154672439
4.394449154672439
4.394449154672439
4.394449154672439
4.394449154672439
4.394449154672439
4.394449154672439
4.394449154672439
4.394449154672439
4.394449154672439
4.394449154672439
4.394449154672439
4.394449154672439
4.394449154672439
4.394449154672439
4.394449154672439
4.394449154672439
5.545177444479562
5.545177444479562
5.545177444479562
5.545177444479562
5.545177444479562
5.545177444479562
5.545177444479562
5.545177444479562
5.545177444479562
5.545177444479562
5.545177444479562
5.545177444479562
5.545177444479562
5.545177444479562
5.545177444479562
5.545177444479562
5.545177444479562
5.545177444479562
5.545177444479562
5.545177444479562
5.545177444479562
5.545177444479562
5.545177444479562
5.545177444479562
5.545177444479562
5.545177444479562
5.545177444479562
5.545177444479562
5.545177444479562
5.545177444479562
4.394449154672439
4.394449154672439
4.394449154672439
4.394449154672439
4.394449154672439
4.394449154672439
4.394449154672439
4.394449154672439
4.394449154672439
4.394449154672439
4.394449154672439
4.394449154672439
4.394449154672439
4.394449154672439
4.394449154672439
6.238324625039508
1.3862943611198906
6.238324625039508
1.3862943611198906
6.238324625039508
1.3862943611198906
