7.170431186432391080e-02 7.459394236303653258e+01 6.980816288065192055e+00
7.241793364978299508e-02 6.873389250751617396e+01 6.983337702193735730e+00
7.632303534059459160e-02 7.963690505190673719e+01 6.997178762136543995e+00
7.663690056260974437e-02 7.046181309616761723e+01 6.998294389403809213e+00
7.679923990761161612e-02 7.217611744978599120e+01 6.998871606628313202e+00
7.687070645351501419e-02 7.317063271416911618e+01 6.999125754683615419e+00
7.724575418828294460e-02 6.448493320380194405e+01 7.000459894477611300e+00
7.748765171510774152e-02 6.955223813406460920e+01 7.001320743241930877e+00
7.930533257232830202e-02 6.013756288549213025e+01 7.007798362884416932e+00
7.953501174673283103e-02 6.910670214376165177e+01 7.008617991838342220e+00
8.036245939828323692e-02 6.622181797349290377e+01 7.011572903515226329e+00
8.354315650784749359e-02 6.670467140004603834e+01 7.022962093497625347e+00
8.377430048038791988e-02 7.510623652870393130e+01 7.023791644847661608e+00
8.529656527982498737e-02 6.856790980022852011e+01 7.029261284139460386e+00
8.553793642985474399e-02 6.137702527074256409e+01 7.030129572336858423e+00
8.687158441659570407e-02 6.850389100269511289e+01 7.034932152592145549e+00
8.828880097144797823e-02 8.685724849624766364e+01 7.040044999162136108e+00
8.894734479618082723e-02 6.491905506140956561e+01 7.042424076556315526e+00
8.923847717868915730e-02 7.099894559837977681e+01 7.043476492363679675e+00
8.926649092612404246e-02 6.100153139816672621e+01 7.043577780770634789e+00
9.038766907912010318e-02 7.339019804156319537e+01 7.047634669477986336e+00
9.080198492427316026e-02 7.193256316643501691e+01 7.049135357449745953e+00
9.212998611666733950e-02 7.391449634204917629e+01 7.053951023538598264e+00
9.363603870734094059e-02 7.080305005050232126e+01 7.059422547701682760e+00
9.467142302436637458e-02 6.934328161076149399e+01 7.063190408507719731e+00
9.531409610710728231e-02 7.077872866270044483e+01 7.065531731529112847e+00
9.742088743945465090e-02 8.526265158991810722e+01 7.073220813031046106e+00
9.752491489032055760e-02 5.282647786557463121e+01 7.073601027189408086e+00
9.970398150078430000e-02 7.381704897099037055e+01 7.081577254440709623e+00
1.006221626024104143e-01 6.407848426445208645e+01 7.084944934745582401e+00
1.013196571038033067e-01 6.992764198083206395e+01 7.087505873157740055e+00
1.021575311718816437e-01 6.326643281366875726e+01 7.090585298882029264e+00
1.032091390566309830e-01 7.981192702564767671e+01 7.094454991925463361e+00
1.047887624946874929e-01 7.505809038771292308e+01 7.100277570412953487e+00
1.048055481128571387e-01 7.311253976637664209e+01 7.100339506935677392e+00
1.056697797326908717e-01 7.722862301624398640e+01 7.103530210429821246e+00
1.061441104301699134e-01 6.988961492049524793e+01 7.105282929081361054e+00
1.086635532187263387e-01 7.605179477757810957e+01 7.114610573669131632e+00
1.092496965801792452e-01 8.529174919778874653e+01 7.116784961919056407e+00
1.111489655751189964e-01 7.039579669952681229e+01 7.123841813837912262e+00
1.112894871428449228e-01 7.804833991202161769e+01 7.124364611797559199e+00
1.129388742967338821e-01 6.288713841828162288e+01 7.130508024688386293e+00
1.135628323274615603e-01 8.181700289491195122e+01 7.132835428413897283e+00
1.149135243989503063e-01 7.122492172311808645e+01 7.137879930798138872e+00
1.162878337237958082e-01 7.650791407338513750e+01 7.143021528197007086e+00
1.165011217455642623e-01 6.563859918122184922e+01 7.143820289822213176e+00
1.170155378504604826e-01 5.537087611803285370e+01 7.145747661482708679e+00
1.172351845089225630e-01 6.341795504923651805e+01 7.146570997919788226e+00
1.172978628046894567e-01 6.926779596616046319e+01 7.146805986904823271e+00
1.173087256423317459e-01 6.459402581601926840e+01 7.146846714974113723e+00
1.174328221933780281e-01 7.626772275195008888e+01 7.147312030269103111e+00
1.180189044256503283e-01 7.194826653090441937e+01 7.149510605030487298e+00
1.184355513322390419e-01 6.681394935002684576e+01 7.151074566628071949e+00
1.188750362605714983e-01 6.946466888564614806e+01 7.152725147231132397e+00
1.205429282214081077e-01 7.001647497723097047e+01 7.158997608768892462e+00
1.208291388836177926e-01 7.303454337888931036e+01 7.160075290278695270e+00
1.211029122122933011e-01 6.555634776698437349e+01 7.161106504236238735e+00
1.235347536432540583e-01 9.065332141202881644e+01 7.170282036264699066e+00
1.273580885991456579e-01 6.944976644115530462e+01 7.184764398769438287e+00
1.273755428294931491e-01 7.080285379099207432e+01 7.184830672019477227e+00
1.288942085391491243e-01 7.832988449235826067e+01 7.190602521066075781e+00
1.288989298907625702e-01 8.117171291521353282e+01 7.190620482062735519e+00
1.290863853341597256e-01 7.429509355062138809e+01 7.191333686429016048e+00
1.292378214778109324e-01 7.137706057082766620e+01 7.191909970870203672e+00
1.311105302855366528e-01 7.155024973976752278e+01 7.199045449098271376e+00
1.319646688772289078e-01 8.539094271721569385e+01 7.202305427436279217e+00
1.324321807696910991e-01 6.661593422225128336e+01 7.204091232273334811e+00
1.348973694734818540e-01 6.968102063245693500e+01 7.213524839504597885e+00
1.363917179856408701e-01 6.821479048067071460e+01 7.219257263986026629e+00
1.367507851498375171e-01 6.784482858960956264e+01 7.220636239772133536e+00
1.370610479820828509e-01 8.754726293685466487e+01 7.221828275029636757e+00
1.370979130936886836e-01 7.236634527638923942e+01 7.221969941602221610e+00
1.377531135045457766e-01 6.598660228572099129e+01 7.224488837986976719e+00
1.379822542953290654e-01 6.968227704250230659e+01 7.225370239771979897e+00
1.380533150828395783e-01 6.536069885230526211e+01 7.225643628999804946e+00
1.418888213107056817e-01 8.392724369972958698e+01 7.240435105834471585e+00
1.420055153196089215e-01 7.241311502224668573e+01 7.240886217435235750e+00
1.429847010326028567e-01 6.908498179791332916e+01 7.244674044105638089e+00
1.453883472671850807e-01 6.148692819756702477e+01 7.253991298250513253e+00
1.471589964801669481e-01 7.373321633897590743e+01 7.260872240238450459e+00
1.484789341475825086e-01 6.655194490592874956e+01 7.266011249628703261e+00
1.489215130056109615e-01 7.275502350675368746e+01 7.267736205831084817e+00
1.508987182573118258e-01 6.879857816960954153e+01 7.275453615948639374e+00
1.513461544522181068e-01 7.768745128156746205e+01 7.277202590490595924e+00
1.535287313550983690e-01 6.576594925733726882e+01 7.285747483829005944e+00
1.535356087021695348e-01 7.882004413333201853e+01 7.285774444273672046e+00
1.540429789073523015e-01 7.203213378667638267e+01 7.287764038747969408e+00
1.564711008817070148e-01 6.793162214870351079e+01 7.297302341390552449e+00
1.574030030233128929e-01 8.059508751572843721e+01 7.300970430863102045e+00
1.609402991026431806e-01 8.032724237805342682e+01 7.314930682867501588e+00
1.638170712822537567e-01 7.778083833056290075e+01 7.326327253249047544e+00
1.662239314099112075e-01 6.758199948172881477e+01 7.335891924270391939e+00
1.677239950975579763e-01 7.357179470390232723e+01 7.341866732218209179e+00
1.677355549188197514e-01 7.781942949157057399e+01 7.341912816155087285e+00
1.709762790459914417e-01 7.076699529247366627e+01 7.354856726404088718e+00
1.716201077510268735e-01 7.316623315698186047e+01 7.357434095364851601e+00
1.743225500073948275e-01 8.829761789055233123e+01 7.368273535136591335e+00
1.753528505274351001e-01 7.429837282258048958e+01 7.372414995676412452e+00
1.755386788726958081e-01 7.671469151197136682e+01 7.373162488396790337e+00
1.765066192173028181e-01 6.750739323063318409e+01 7.377058614989967289e+00
1.769679703081592503e-01 7.321295349150526022e+01 7.378917165040566495e+00
1.773407266377882152e-01 6.991240977921383148e+01 7.380419534042355068e+00
1.841566158714407209e-01 7.228220916886517955e+01 7.408004241049235716e+00
1.843800269569968453e-01 8.229041465170084280e+01 7.408912058900961384e+00
1.843858993505806954e-01 7.382612037731765042e+01 7.408935924147506569e+00
1.848504579095990863e-01 6.699448246910635874e+01 7.410824383664476045e+00
1.900014731123795819e-01 6.964404834324813010e+01 7.431830540635167459e+00
1.940332453567161775e-01 7.648357399474694773e+01 7.448357948087246605e+00
1.941259691174850310e-01 7.812506152806994919e+01 7.448738932809312097e+00
1.949465192571171457e-01 7.889430857904618222e+01 7.452112150201763541e+00
1.964068552752618046e-01 7.327313094134494520e+01 7.458123160587305733e+00
1.967257622026354902e-01 7.136125556142557969e+01 7.459437148275184448e+00
1.995982734702266281e-01 7.503922484291652495e+01 7.471293841305142180e+00
2.008342246771501749e-01 5.705326305187227121e+01 7.476407097697138404e+00
2.018405334659487682e-01 6.289128423580242355e+01 7.480575492875293442e+00
2.020361930408158813e-01 5.654678254134356052e+01 7.481386507255741947e+00
2.020691450928819854e-01 7.284958190912301745e+01 7.481523111756459343e+00
2.035254152673133810e-01 6.871624320235854100e+01 7.487565145346123607e+00
2.072437695981883543e-01 7.471322644820884307e+01 7.503036734341208103e+00
2.083210739216099228e-01 7.213783798930218438e+01 7.507531119835357813e+00
2.083265719134475003e-01 7.680663627532344151e+01 7.507554070463043239e+00
2.101385047102761749e-01 7.762045175644161077e+01 7.515125293157071340e+00
2.110149156851057750e-01 8.148904174546854051e+01 7.518792807971029113e+00
2.117381064181067529e-01 6.838929423307045852e+01 7.521821793374084741e+00
2.158431986081428278e-01 7.507588597736445024e+01 7.539060793971188446e+00
2.175854095747056238e-01 6.041394847376177069e+01 7.546400371381327687e+00
2.186826548011080451e-01 7.632705114151808345e+01 7.551029960516967066e+00
2.197184631312638636e-01 7.110176150088268798e+01 7.555405376382556604e+00
2.197648863694086074e-01 6.811389768155014224e+01 7.555601590093390385e+00
2.203391929507898528e-01 6.774883818761713883e+01 7.558029783569715221e+00
2.216752348260571104e-01 9.106438608680431912e+01 7.563684452048498486e+00
2.236594174038353255e-01 7.073280063322205535e+01 7.572097339596381538e+00
2.248729530248347874e-01 7.116567109241242406e+01 7.577251547195892556e+00
2.249036011526877044e-01 8.233926250112800460e+01 7.577381804796818443e+00
2.257024174622879187e-01 7.018686776684094752e+01 7.580778362905042478e+00
2.263223037502655188e-01 6.468228157683098800e+01 7.583416115096664356e+00
2.285422435371777805e-01 8.130812465026288294e+01 7.592876793753347009e+00
2.286903580299524119e-01 7.495922806417544848e+01 7.593508808600700100e+00
2.301019214759589815e-01 7.477458219919441262e+01 7.599537053592595903e+00
2.304727564580686394e-01 8.419892494131691763e+01 7.601122249655006158e+00
2.335704067850596921e-01 7.147323490149081238e+01 7.614388076672087280e+00
2.342341172008668426e-01 7.075068949520678530e+01 7.617236113167830780e+00
2.344308157575196727e-01 7.667932153294822228e+01 7.618080546941763842e+00
2.347287991441160404e-01 7.298226327861860341e+01 7.619360134375082971e+00
2.366990120029430766e-01 7.367556208997153533e+01 7.627830670039881689e+00
2.368656374188060632e-01 8.629441176871506514e+01 7.628547849649066848e+00
2.384181345512426109e-01 6.243384077552218514e+01 7.635236065085384105e+00
2.392457335105646621e-01 7.803327341373734782e+01 7.638805852542144947e+00
2.397152183233264289e-01 7.128351511619688097e+01 7.640832319211900092e+00
2.409479700855758910e-01 7.844742156348283402e+01 7.646158070603561896e+00
2.422147139439279062e-01 8.010920051695534028e+01 7.651637835667151499e+00
2.427486239291205550e-01 8.030702375317399344e+01 7.653949632305530493e+00
2.430945027150148707e-01 8.047537435121365945e+01 7.655447953330081212e+00
2.452926843238807386e-01 6.789626364438775852e+01 7.664982942977957237e+00
2.472234210527535225e-01 7.585213458173546996e+01 7.673375838360157353e+00
2.476121944638685068e-01 8.646712208264710853e+01 7.675067866937749450e+00
2.487340316076305236e-01 6.966309771861116928e+01 7.679954172798217904e+00
2.507459676343493093e-01 7.835521291213952111e+01 7.688731624964262323e+00
2.522652433105820879e-01 8.466106130179120726e+01 7.695371832392287281e+00
2.538664824817951082e-01 7.627343765543542986e+01 7.702381514216205538e+00
2.539484254082802206e-01 6.070069981704758533e+01 7.702740542692882997e+00
2.539995060008810590e-01 6.010683377267005767e+01 7.702964364807154851e+00
2.550356890049307879e-01 8.572495950631900996e+01 7.707507186365099017e+00
2.557445221728524842e-01 9.261872076883641114e+01 7.710617623942067844e+00
2.558077611659104189e-01 7.943772556219364844e+01 7.710895233249660308e+00
2.588023374404846422e-01 7.345843850319812418e+01 7.724061513313664307e+00
2.596610418947722376e-01 7.330981660596302163e+01 7.727844410760265959e+00
2.606908145402089261e-01 6.901988144150047333e+01 7.732385284160476324e+00
2.639193276210938244e-01 9.453638648651349286e+01 7.746652495100434521e+00
2.649313352698074997e-01 7.519508341123697903e+01 7.751134291400378018e+00
2.693390854901605014e-01 8.816721628667679056e+01 7.770707934652221205e+00
2.719410073896366686e-01 8.270113787687064644e+01 7.782303090958143876e+00
2.725394872863569073e-01 7.733740912095986175e+01 7.784974416211493775e+00
2.729558565685332727e-01 6.351046630849911878e+01 7.786833829210492830e+00
2.740011871846419478e-01 7.877190614459031792e+01 7.791505447905071158e+00
2.740188377947636589e-01 9.355013402494145680e+01 7.791584370877245647e+00
2.757981832273810330e-01 7.208458470412172403e+01 7.799547657198923289e+00
2.768950430624645964e-01 8.597395378030238078e+01 7.804463565448601869e+00
2.777182658193386722e-01 6.564713008904773517e+01 7.808156601433568156e+00
2.787735188296232014e-01 8.041317852326079674e+01 7.812894947452235783e+00
2.790056447000890394e-01 8.858686530029348205e+01 7.813937913762055487e+00
2.792839961143565031e-01 7.625081355680319461e+01 7.815188891997616238e+00
2.804828028761683356e-01 7.639906709442584543e+01 7.820580550433567701e+00
2.813820265523070407e-01 7.559429425926094837e+01 7.824629015530330634e+00
2.827520325465884277e-01 8.080305877903801104e+01 7.830803923531952648e+00
2.832975253251239778e-01 8.927602335426797708e+01 7.833264892396532453e+00
2.838494445919856890e-01 7.146356141831719810e+01 7.835756196668076434e+00
2.843574667738353323e-01 7.925696003210659057e+01 7.838050547485392094e+00
2.846028682048979963e-01 8.177472376259363784e+01 7.839159249227321880e+00
2.865073491957628171e-01 9.114234437043720050e+01 7.847772591607657944e+00
2.875132315183517306e-01 7.618812217269119458e+01 7.852328346956160665e+00
2.890236416740550318e-01 9.147267158951109423e+01 7.859177572503083020e+00
2.890968398824766972e-01 7.964903106655300746e+01 7.859509759175920429e+00
2.896898359451340887e-01 7.997461003736739826e+01 7.862201755360257671e+00
2.916224818537274110e-01 6.796582977714936646e+01 7.870986079708433891e+00
2.925251149470471379e-01 7.543343704880781786e+01 7.875094407085062365e+00
2.938859936506030834e-01 8.575353732481494262e+01 7.881295232016547025e+00
2.944100008558672155e-01 6.722759951895615416e+01 7.883685041739489918e+00
2.971891174064724694e-01 8.494696210318683427e+01 7.896379828204629803e+00
2.993077605902783045e-01 7.402775423323028292e+01 7.906080469111683051e+00
3.017758690423002488e-01 7.904866385661001971e+01 7.917406100656046775e+00
3.035695678506009632e-01 7.618285261391447705e+01 7.925653798867273281e+00
3.054281409519239432e-01 8.640092747664297690e+01 7.934214693359341375e+00
3.058562337915584628e-01 8.836277234677710624e+01 7.936188706103293633e+00
3.063938327919863980e-01 9.313352671031390173e+01 7.938668809178207830e+00
3.074036131427289043e-01 7.382912907076024567e+01 7.943330647730611815e+00
3.091665144571489332e-01 6.929070503178709828e+01 7.951480112257485189e+00
3.108034824547116770e-01 7.451104406968943294e+01 7.959059595201307680e+00
3.118387502884636397e-01 8.521954276820038388e+01 7.963859136970852681e+00
3.133528008508854601e-01 8.673233900499289462e+01 7.970886767008083851e+00
3.155232926942594940e-01 7.459658223139850008e+01 7.980978799037124816e+00
3.173990999706468585e-01 6.935101776091487125e+01 7.989717204116600691e+00
3.193828561628884177e-01 7.344088988631405357e+01 7.998975167892266036e+00
3.218494259887838549e-01 8.140843030634405864e+01 8.010510257464712680e+00
3.256216883213389757e-01 8.565899551104719478e+01 8.028202656997821762e+00
3.258377787714972218e-01 7.568276335783858144e+01 8.029218020118030097e+00
3.307506621165292593e-01 8.651200665713425053e+01 8.052357230113072362e+00
3.325123401271863344e-01 8.557792328680559990e+01 8.060680019561571541e+00
3.363838819921232126e-01 8.864190610058732034e+01 8.079017676879512777e+00
3.371449474232475207e-01 7.507224813411696118e+01 8.082630092601283067e+00
3.386632142506873500e-01 7.494680054859675522e+01 8.089844044512743082e+00
3.407419654233594386e-01 7.319356866881955170e+01 8.099737212281153731e+00
3.414319778694481222e-01 8.475065663063271870e+01 8.103025224009611449e+00
3.470141665398323028e-01 8.663202445655231543e+01 8.129700442065660226e+00
3.476758677213496185e-01 8.744059446346551567e+01 8.132871337605164896e+00
3.481086367826380368e-01 6.611934902922527613e+01 8.134946197957992453e+00
3.481704238758538406e-01 7.682695175135206966e+01 8.135242494418056580e+00
3.503838530179981259e-01 8.367568822788646798e+01 8.145867658165952818e+00
3.507359053713210439e-01 8.906542005835225950e+01 8.147559555862178726e+00
3.550009353127561162e-01 8.435630254092912139e+01 8.168098615990603051e+00
3.552316009490030790e-01 8.774398119179552680e+01 8.169211646485903699e+00
3.580091267489273754e-01 7.526462491290432411e+01 8.182631871458925232e+00
3.583334897862808788e-01 6.889290381239098338e+01 8.184201248920201621e+00
3.621958762418640010e-01 6.873893631688002870e+01 8.202923226085198749e+00
3.629547972068722927e-01 8.244820900837800082e+01 8.206609376047294901e+00
3.633941893677798962e-01 6.829816046255717765e+01 8.208744664534918911e+00
3.654849127174650825e-01 9.366188262206790682e+01 8.218916073827879032e+00
3.655079506771370390e-01 7.524543858147710296e+01 8.219028257396006509e+00
3.664639237332654176e-01 8.893099057265015972e+01 8.223685364597452363e+00
3.674651577714664885e-01 8.187636333584875103e+01 8.228567123858070431e+00
3.687131418678324390e-01 8.674591854011661951e+01 8.234657927023842916e+00
3.694965765658198009e-01 7.573631614611886675e+01 8.238484864585201350e+00
3.703385397663099265e-01 8.936331453812628922e+01 8.242600603129691450e+00
3.709197988347967545e-01 7.785205612962914756e+01 8.245443703186770890e+00
3.738178589069187652e-01 7.739978839876211225e+01 8.259640262419205570e+00
3.765863693227617937e-01 9.247547099799645309e+01 8.273235367663124507e+00
3.772610254296149268e-01 7.577117683298060058e+01 8.276553252927840276e+00
3.789522967979546131e-01 8.051710447259216608e+01 8.284879182241327911e+00
3.814396080025113100e-01 9.724219275134993268e+01 8.297145826720958794e+00
3.865089557957883670e-01 7.425507298640876286e+01 8.322226869417747253e+00
3.883191637407339414e-01 7.182933883473917547e+01 8.331209188083368744e+00
3.926735747066263382e-01 8.106341840734998527e+01 8.352872197585840652e+00
3.941275537058612777e-01 9.721866913747246031e+01 8.360123356802267480e+00
3.951333068418592109e-01 8.049412379830815212e+01 8.365144333577926972e+00
3.954002116075168161e-01 8.388864457950427322e+01 8.366477500060852890e+00
3.964738265658014349e-01 7.599759722292928643e+01 8.371843120446165187e+00
3.965910727219652543e-01 7.186259208316042191e+01 8.372429374683948211e+00
4.007059498545657572e-01 9.117803493114391244e+01 8.393040904246824141e+00
4.007971301397348363e-01 8.221930470238559963e+01 8.393498427943667295e+00
4.032336570936738696e-01 6.632261146077695457e+01 8.405737231743499294e+00
4.086840066116912418e-01 7.989546608768651481e+01 8.433203959766586877e+00
4.090622935727332710e-01 8.479294590112797891e+01 8.435114890564086920e+00
4.098865297132427976e-01 6.967306758924748067e+01 8.439280604423784027e+00
4.102144882449898500e-01 8.487548935256693028e+01 8.440938899405797002e+00
4.142769954902629781e-01 8.828301816564463422e+01 8.461517544252000533e+00
4.155646170414657448e-01 8.425663844981973227e+01 8.468054238344407736e+00
4.172083518262967861e-01 7.925007765162936835e+01 8.476408712799596401e+00
4.175794843325044692e-01 9.239066024762060181e+01 8.478296580181808650e+00
4.178669451858214590e-01 7.316963151092397766e+01 8.479759219201751463e+00
4.228764314612780684e-01 8.720451680913032533e+01 8.505302820073236347e+00
4.245654808115750800e-01 8.098448623130623503e+01 8.513938639380009832e+00
4.269076227978461091e-01 9.069350505885169866e+01 8.525933001803705835e+00
4.311230964680878852e-01 6.932509071192377803e+01 8.547577586782706405e+00
4.334373926594763393e-01 7.085674182427894152e+01 8.559491406755475040e+00
4.334552612131095106e-01 8.139954996163861267e+01 8.559583477908558891e+00
4.358243785399440462e-01 9.322889968488092904e+01 8.571802361705731954e+00
4.366567427094865117e-01 8.148490760452335735e+01 8.576100776713440510e+00
4.367523822193224436e-01 9.162893294932347032e+01 8.576594850148898885e+00
4.385083382622434467e-01 8.901388876034368991e+01 8.585672743950178543e+00
4.429931874685189008e-01 9.532048333554648423e+01 8.608915398974785305e+00
4.445462803973545540e-01 8.648504307791630197e+01 8.616983346455864279e+00
4.481273139690409302e-01 8.773986919070313206e+01 8.635623280305290805e+00
4.532129202467662932e-01 9.793021216196827083e+01 8.662184074376186871e+00
4.535404131961067176e-01 9.774699291108463228e+01 8.663898069396370971e+00
4.535600976096096915e-01 7.516519382619028988e+01 8.664001105226011745e+00
4.554504672031181034e-01 8.865182403794254640e+01 8.673903321028982205e+00
4.557821868148013156e-01 8.818406347278815360e+01 8.675642436744356090e+00
4.580453754015878509e-01 1.012918462060815159e+02 8.687519561512422328e+00
4.587885185299367397e-01 7.845879604727618073e+01 8.691424049649745243e+00
4.597468937730251337e-01 8.045180480625197106e+01 8.696462655017205279e+00
4.621864744804591307e-01 9.375400925224056436e+01 8.709305295592702834e+00
4.640799907259858248e-01 8.725062339139702772e+01 8.719289789744710362e+00
4.671475360900465557e-01 8.902955182946809032e+01 8.735495471772127374e+00
4.673794207367818476e-01 8.762072996216744514e+01 8.736722040208965367e+00
4.681257903450226632e-01 7.089363915111142944e+01 8.740671471958220806e+00
4.689906321527561595e-01 7.358101025126876493e+01 8.745250592577390236e+00
4.702318068085815650e-01 9.415434553850221278e+01 8.751827533079268306e+00
4.752155718372648163e-01 8.987241786297532542e+01 8.778298334210914433e+00
4.833484551909925653e-01 8.899191611490873299e+01 8.821707992629926665e+00
4.840647655029297614e-01 8.163339365923326341e+01 8.825543932501103583e+00
4.844357023297756193e-01 9.251343889854385338e+01 8.827531150170521812e+00
4.844957691275515455e-01 8.158072395568068202e+01 8.827852997022437975e+00
4.849392306146522724e-01 8.521488525307486839e+01 8.830229572575928998e+00
4.891279047635759269e-01 8.876737472026154308e+01 8.852715738235088949e+00
4.924542212612668113e-01 8.331851308373363452e+01 8.870621936988838385e+00
4.929504030021740757e-01 8.915426647383341674e+01 8.873296724317709661e+00
4.931045133902458577e-01 9.075159860905067433e+01 8.874127691305220722e+00
4.963637459095584514e-01 8.688524996579174342e+01 8.891723490643819616e+00
4.969772271750967363e-01 8.326357599792069664e+01 8.895040207259910403e+00
4.995674305317816533e-01 9.773059193636333930e+01 8.909060176306729417e+00
4.996366655227653109e-01 7.939694864184153289e+01 8.909435285977220786e+00
4.997461370135776182e-01 6.968604907094419332e+01 8.910028432252172337e+00
5.013148340755240184e-01 8.966494149449030715e+01 8.918533231431139185e+00
5.016883786523305133e-01 8.724898489770198751e+01 8.920559853978314635e+00
5.024204619148147088e-01 8.383378735208567889e+01 8.924533275177644498e+00
5.031028414431579776e-01 9.548488341074917685e+01 8.928238820635831630e+00
5.036281691082018508e-01 8.779776284457688007e+01 8.931092767217121420e+00
5.071887268120724990e-01 6.685229209066326916e+01 8.950464710428581938e+00
5.082782262159462050e-01 7.078257007108396692e+01 8.956402272533098952e+00
5.088590809647701718e-01 8.980795024343822774e+01 8.959569716458394950e+00
5.095181850517587208e-01 9.216539611967024825e+01 8.963165457245635181e+00
5.113812412980491828e-01 8.262513223435611565e+01 8.973338535068206667e+00
5.116596956709325017e-01 8.647318187960765101e+01 8.974860178309615577e+00
5.117779294107722698e-01 8.600972334264210417e+01 8.975506370556116664e+00
5.119972679243274261e-01 8.684777044537182178e+01 8.976705283220805853e+00
5.121359834886169971e-01 9.260575930475451401e+01 8.977463604676980680e+00
5.170555021430225384e-01 9.024210687223350646e+01 9.004405814813342346e+00
5.176282255516453379e-01 1.000572906896576626e+02 9.007548512344838443e+00
5.179735238705873712e-01 9.318440218013887488e+01 9.009443879584724257e+00
5.197167124231607538e-01 8.799067223363790902e+01 9.019019441815965266e+00
5.201488250465704510e-01 1.068269423878852677e+02 9.021394918686512554e+00
5.217356325406490303e-01 8.616290727139475791e+01 9.030124382322449961e+00
5.230429625810684158e-01 1.045744512004964264e+02 9.037323702655136515e+00
5.232862772990520828e-01 7.767912128769806657e+01 9.038664340959620347e+00
5.254465724414392191e-01 9.057152317502695382e+01 9.050577396047108536e+00
5.261322255458071862e-01 1.071132159280191871e+02 9.054362241587492477e+00
5.278041962307720159e-01 9.650788283529415423e+01 9.063599242002046807e+00
5.280756039622254150e-01 9.524331203800485923e+01 9.065099685774649529e+00
5.317939736176724441e-01 1.056725013610896298e+02 9.085684872736145223e+00
5.374304227560644520e-01 1.114917225371008840e+02 9.116990308596168546e+00
5.377084897832355992e-01 8.784288366683713889e+01 9.118537885486038164e+00
5.428757451136436707e-01 9.209470336553732750e+01 9.147350145507228802e+00
5.435330546255852102e-01 8.889612553625684654e+01 9.151022596092740713e+00
5.460397924207485154e-01 9.394142870749543306e+01 9.165043154147962667e+00
5.463818745127440035e-01 8.796349240145872272e+01 9.166958333640002010e+00
5.473621856084667225e-01 8.258321213187444698e+01 9.172449176400107262e+00
5.473776427592995653e-01 8.429194562235289823e+01 9.172535783198339843e+00
5.497533978545530164e-01 8.533281731414393789e+01 9.185858041335420054e+00
5.524349315276881889e-01 8.416488385007734507e+01 9.200920838899184773e+00
5.537849521739495184e-01 1.170435544031983000e+02 9.208514583192638270e+00
5.551808190566815959e-01 9.244899078268764470e+01 9.216373499535345459e+00
5.554702663575932231e-01 8.383101076656244288e+01 9.218004053728821034e+00
5.557502676414287635e-01 9.134734159954139443e+01 9.219581698323557006e+00
5.560366843033301976e-01 7.919711074522987815e+01 9.221195798085464190e+00
5.586798014362690523e-01 8.978153092970886462e+01 9.236105774594566498e+00
5.598582901994344496e-01 1.003657727346107862e+02 9.242762242150105223e+00
5.605908264776235939e-01 1.016180866952520603e+02 9.246902486088526274e+00
5.634698576816743465e-01 9.059825084214421054e+01 9.263194258675005344e+00
5.650207771725646033e-01 9.539934034820572606e+01 9.271983550042026678e+00
5.663538543059369879e-01 1.073303178799704511e+02 9.279545560279284899e+00
5.668361854987005177e-01 1.155139293592490048e+02 9.282283284344069685e+00
5.673244786458129241e-01 8.090145045298640980e+01 9.285055743053460375e+00
5.679468817294794913e-01 1.038325610964568710e+02 9.288590963023670710e+00
5.684172839429635360e-01 8.956501471876437392e+01 9.291263794775611373e+00
5.700633853650296512e-01 1.104209044308879442e+02 9.300623532463548671e+00
5.722923613335750836e-01 8.911468731356727346e+01 9.313313763323087358e+00
5.724598535061322657e-01 1.061998150953114219e+02 9.314268101965103241e+00
5.731994858257611902e-01 1.047476300968853167e+02 9.318483648406134634e+00
5.743767023932395688e-01 1.032216471280979420e+02 9.325197455096384758e+00
5.766693785344638723e-01 8.320343728129722649e+01 9.338287802097980261e+00
5.772989944208739566e-01 9.389976163861169312e+01 9.341886132564601652e+00
5.806367968722017103e-01 8.527307082531186211e+01 9.360986893401470610e+00
5.807382126886735385e-01 1.029734266309987731e+02 9.361567904225523762e+00
5.832411055841342229e-01 1.010603957985975114e+02 9.375919159593603780e+00
5.842499446090902993e-01 8.218352864838807648e+01 9.381710329920412761e+00
5.869441001969437632e-01 8.667493925158194656e+01 9.397194565118446974e+00
5.880465461476367395e-01 8.550884332469902915e+01 9.403538504891157501e+00
5.904547858705972985e-01 9.824552110694291684e+01 9.417412279842602985e+00
5.976952125708403507e-01 9.064237960503776037e+01 9.459253921366938656e+00
6.040742333175808110e-01 9.472135450423262171e+01 9.496278516956538240e+00
6.061595239117958389e-01 8.806977651596497481e+01 9.508414381324231002e+00
6.073137066737077649e-01 1.013448292011208736e+02 9.515138323338465653e+00
6.078180123726846240e-01 9.954330926375733668e+01 9.518077805646450784e+00
6.114849641334385577e-01 1.008128586989623585e+02 9.539479761151532955e+00
6.159145372657814921e-01 8.503014865083279972e+01 9.565398564002482118e+00
6.179970425158018976e-01 9.161706404282563199e+01 9.577608795327314795e+00
6.186583999097501341e-01 1.038185766155457799e+02 9.581489813668513378e+00
6.198667693130479606e-01 7.758581395663094327e+01 9.588584972087236480e+00
6.208270031964531199e-01 1.002354340936024641e+02 9.594226962836115646e+00
6.228106346625248424e-01 9.071131739785319326e+01 9.605892732021599656e+00
6.229669774443291619e-01 9.890807240366027031e+01 9.606812796873020588e+00
6.244748286122121517e-01 7.702607680017604252e+01 9.615690955868743117e+00
6.244852166674650373e-01 1.046148976798478287e+02 9.615752149007221306e+00
6.252056714447480346e-01 9.907701145713689073e+01 9.619997106452933266e+00
6.315515898099253178e-01 9.532857031389774249e+01 9.657469157871709342e+00
6.322133388407484844e-01 9.698247367495193316e+01 9.661385145450477552e+00
6.322214522270945825e-01 1.032367424638855482e+02 9.661433167345306217e+00
6.330182608799272970e-01 1.000236667301251572e+02 9.666150518848020567e+00
6.330823843057373779e-01 8.860222436075180497e+01 9.666530249254414286e+00
6.333550342388314380e-01 1.052384801521786670e+02 9.668145012324540488e+00
6.366887807197803006e-01 8.653147311466091196e+01 9.687910821957466112e+00
6.369535303376285817e-01 9.710341455286297219e+01 9.689482248391843910e+00
6.378821185279071049e-01 1.121872059768710983e+02 9.694995904594335911e+00
6.393002083233412236e-01 1.056116147870961015e+02 9.703422075520109047e+00
6.396075909486675926e-01 9.542108833912817545e+01 9.705249475122126768e+00
6.415090630774265001e-01 8.997612405674799163e+01 9.716561366997622073e+00
6.442958293983438445e-01 1.108973592054719433e+02 9.733163441200517241e+00
6.484989600936157395e-01 9.817992976003607453e+01 9.758256326288412552e+00
6.490666593277119034e-01 9.699328996896741728e+01 9.761650382870113773e+00
6.494310876135160893e-01 8.853741380812114414e+01 9.763829769846559259e+00
6.499741276891595199e-01 1.102910016367255821e+02 9.767078191337034809e+00
6.518710790383239750e-01 1.214299668060423869e+02 9.778433899322342526e+00
6.533988888812796159e-01 1.012512194366098441e+02 9.787589192544245975e+00
6.546902969198187261e-01 8.566339410473612759e+01 9.795334381328284934e+00
6.586924368405489005e-01 1.216513916165117450e+02 9.819374987920440390e+00
6.588375586423782515e-01 1.047685344004825225e+02 9.820247800198117716e+00
6.622781498453937932e-01 1.007005811029214897e+02 9.840962688750330756e+00
6.635410878421788006e-01 9.392091260340777126e+01 9.848577083324684622e+00
6.651172139304999398e-01 9.674760404070046604e+01 9.858087683027385140e+00
6.700028033242304559e-01 9.654443708421833037e+01 9.887624182514507254e+00
6.729683157186181486e-01 9.672188224827397107e+01 9.905593861050782323e+00
6.775480404822633584e-01 1.141500660846135560e+02 9.933406037014613332e+00
6.787932885520933102e-01 8.950687989343896334e+01 9.940981095734468198e+00
6.795172900896868651e-01 8.514215276451703573e+01 9.945387834726460596e+00
6.798313365653152474e-01 9.280514369756222948e+01 9.947299897838048466e+00
6.802383433888605779e-01 1.049933912507574831e+02 9.949778464248232979e+00
6.807819220774866675e-01 9.955775017569584406e+01 9.953089627801890771e+00
6.812470604749720771e-01 8.825588082136268042e+01 9.955923804817166101e+00
6.816651458383105044e-01 1.001874193664366999e+02 9.958471928488137337e+00
6.831443605123912466e-01 7.853943735509707835e+01 9.967492300795059990e+00
6.832795176273236404e-01 7.782969176338554007e+01 9.968316883558422603e+00
6.861128379512198006e-01 9.874176790269265780e+01 9.985617517685685840e+00
6.867855048979063515e-01 9.511547145605341314e+01 9.989729051676478733e+00
6.879001975235738975e-01 9.577765207638560696e+01 9.996545867495317594e+00
6.882334578830973104e-01 8.216061356379137237e+01 9.998584741024428624e+00
6.893014647239903425e-01 1.202715064035989059e+02 1.000512138588025302e+01
6.909799767558590933e-01 1.066878556860906713e+02 1.001540264691792537e+01
6.910577995633178094e-01 9.156627297655653308e+01 1.001587956815639302e+01
6.925305293521426542e-01 1.190416389575842260e+02 1.002490888601677987e+01
6.951762507596170870e-01 1.164064994137045801e+02 1.004114886185610445e+01
6.953402468524256808e-01 1.234779904859352229e+02 1.004215630755732924e+01
6.959228282471363602e-01 8.830069299774588387e+01 1.004573592666795356e+01
6.970945127986938328e-01 1.151866801565368945e+02 1.005293882139922346e+01
6.991497443139258472e-01 9.903832246461057309e+01 1.006558484942319609e+01
7.038334092300224665e-01 1.029745140564063632e+02 1.009445877494647448e+01
7.045262605175972581e-01 1.048872627292233943e+02 1.009873654498267825e+01
7.139538518428272251e-01 1.054493756018773922e+02 1.015710916602225744e+01
7.141507362780683543e-01 9.496090436495990161e+01 1.015833148590105139e+01
7.153913284241029125e-01 8.653675332818939125e+01 1.016603654322672412e+01
7.159810115237779105e-01 1.171215795985678767e+02 1.016970080138899846e+01
7.211971368355782896e-01 9.968415041162626267e+01 1.020216563818588185e+01
7.223837285088809956e-01 1.037691955444753376e+02 1.020956396801861388e+01
7.244000139923569836e-01 1.175192070365786776e+02 1.022214647064594928e+01
7.252470929913874542e-01 9.614557130117631800e+01 1.022743677199951051e+01
7.385036509379143688e-01 9.526771825427985618e+01 1.031054804624651489e+01
7.398584364974829519e-01 1.024657672016259795e+02 1.031907552145305118e+01
7.400083752300530282e-01 1.017114023220814687e+02 1.032001966936297066e+01
7.412975758582327490e-01 1.052757499166690280e+02 1.032814077495627636e+01
7.424684480365317807e-01 1.033173254697701253e+02 1.033552137683228800e+01
7.430558478056534799e-01 1.112987207486164607e+02 1.033922580695412918e+01
7.470798519489940670e-01 9.298578899342615500e+01 1.036463456968957075e+01
7.483445516101658868e-01 9.932213015512432719e+01 1.037263157451106643e+01
7.485569595911041318e-01 1.116542723524260765e+02 1.037397521216901453e+01
7.501062588881790560e-01 1.091866997100041772e+02 1.038378028556384436e+01
7.516377150334485613e-01 1.307281583494822144e+02 1.039348039634134402e+01
7.557334540698652514e-01 9.311300041085652879e+01 1.041946128926833204e+01
7.557865436140096538e-01 1.061122223178771407e+02 1.041979842797103117e+01
7.572936619742010045e-01 1.011625510556144718e+02 1.042937315330096837e+01
7.589994041671304092e-01 9.549491895189780166e+01 1.044021894362908398e+01
7.597188776578200908e-01 1.161507137186339946e+02 1.044479657277567419e+01
7.606160364958505227e-01 1.057623906842132442e+02 1.045050715299981903e+01
7.684438283852188523e-01 1.176321794245521062e+02 1.050044684289813546e+01
7.734959795385878412e-01 1.010103885521317295e+02 1.053278717976490064e+01
7.785217739612160237e-01 1.102377558028707796e+02 1.056504307366197182e+01
7.800163848037411363e-01 1.120635070997072802e+02 1.057465176637586524e+01
7.823755298993106955e-01 8.883385982326637986e+01 1.058983352239866349e+01
7.835380266220488554e-01 1.016733507929882734e+02 1.059732128979587884e+01
7.840824959609706823e-01 1.100905331139321817e+02 1.060082981309730243e+01
7.888667585129829352e-01 8.484467535731167231e+01 1.063170138903468498e+01
7.914998276492275497e-01 9.677244323647300916e+01 1.064872409645673557e+01
7.934777011605478325e-01 9.255041008589030582e+01 1.066152599843388415e+01
7.934863315404039330e-01 1.071549830861954433e+02 1.066158188726940992e+01
7.958513784094396470e-01 1.337339073165409218e+02 1.067690674362480152e+01
7.963813130930177397e-01 1.129774448882705116e+02 1.068034309489314460e+01
7.971357292414429363e-01 9.481429206979181856e+01 1.068523668205321542e+01
7.973512782262299758e-01 1.049959019938215476e+02 1.068663520264952460e+01
8.025727483535280982e-01 1.062462546668590022e+02 1.072055955951434747e+01
8.056567818779334367e-01 1.127978151411908811e+02 1.074063870159079137e+01
8.088565977789781147e-01 1.114653707865155639e+02 1.076150448234750279e+01
8.146226826421436584e-01 9.852448676875586386e+01 1.079918890342008098e+01
8.147498751787161098e-01 9.158350964742542999e+01 1.080002139235214997e+01
8.177022512057163794e-01 1.140881026556361064e+02 1.081935976462227345e+01
8.209030773051984031e-01 1.180792313474375419e+02 1.084035742574655714e+01
8.210592405440302333e-01 1.016759823933277715e+02 1.084138271682675558e+01
8.214199416901302175e-01 1.075834662324094779e+02 1.084375120479030841e+01
8.219582362733328651e-01 1.067635407035301256e+02 1.084728661487987011e+01
8.254793992918698642e-01 1.107683581247427043e+02 1.087043599388745818e+01
8.258738234792433186e-01 1.176364369823265719e+02 1.087303157163115053e+01
8.282856075434563703e-01 1.015537663014351324e+02 1.088891365111493670e+01
8.293509051907337337e-01 1.218363653201642336e+02 1.089593481540452125e+01
8.333210792539413880e-01 9.271560223301466408e+01 1.092213359625967328e+01
8.348319242258122053e-01 9.360244502382832366e+01 1.093211681318819295e+01
8.352910178499213245e-01 1.280223467971887885e+02 1.093515181922150425e+01
8.426083268940358639e-01 1.031254299220422723e+02 1.098361669565948873e+01
8.426795449016155626e-01 1.022439835643800734e+02 1.098408923672838533e+01
8.445463938800641390e-01 1.039263556639405408e+02 1.099648180623545102e+01
8.473541012022065555e-01 1.179347183264090972e+02 1.101514093846244080e+01
8.524243836505214222e-01 1.006240486383187545e+02 1.104890000468761357e+01
8.542433260757353874e-01 1.239845968099068187e+02 1.106103083486850025e+01
8.549142974195163003e-01 1.166280837210224632e+02 1.106550830477883096e+01
8.583995092594356446e-01 1.056263616323855246e+02 1.108878848048996524e+01
8.589852551643892831e-01 1.151629626420397443e+02 1.109270486318619930e+01
8.591081259782404889e-01 1.085944940936174277e+02 1.109352653311499104e+01
8.607463659316649807e-01 1.070712679425191567e+02 1.110448644228338821e+01
8.610766713366024838e-01 1.217305769654851559e+02 1.110669722992260589e+01
8.616494486170713785e-01 1.325472594203509971e+02 1.111053173819346185e+01
8.703568776135488516e-01 1.103795890121703707e+02 1.116895179346025735e+01
8.714903148545258826e-01 1.000982094967103109e+02 1.117657382291865709e+01
8.725470564527286754e-01 1.376137157527458896e+02 1.118368373079871780e+01
8.767699456657582768e-01 1.204198639896133187e+02 1.121213089242611893e+01
8.769616578671766138e-01 1.089813493929911488e+02 1.121342367237292592e+01
8.774593494399263172e-01 1.244768462238913003e+02 1.121678031124111641e+01
8.822259524764697325e-01 1.223335137628664029e+02 1.124896749193921330e+01
8.833794769903025035e-01 1.033428670795903770e+02 1.125676749681993272e+01
8.888414078641284632e-01 1.200503561745980079e+02 1.129375676173425447e+01
8.901275403695640964e-01 1.202368986430234372e+02 1.130248020353184124e+01
8.912320835599749635e-01 1.116562825229131306e+02 1.130997608223274042e+01
8.925027762176394042e-01 1.196681050760835063e+02 1.131860420333650552e+01
8.974512302675416997e-01 1.173959752618169858e+02 1.135225236552693318e+01
8.975159001016224103e-01 1.374332413873115968e+02 1.135269260496015242e+01
8.998809857561369530e-01 9.355532563008554803e+01 1.136880179216496956e+01
9.015782607193612019e-01 9.596252882666223627e+01 1.138037300479963676e+01
9.019774303144270089e-01 1.256773321622887494e+02 1.138309564457367529e+01
9.083250103257436425e-01 1.098131851481080332e+02 1.142645694785474397e+01
9.087911312188150514e-01 1.426269028574670017e+02 1.142964597890353140e+01
9.124194605543181069e-01 1.047886137161896727e+02 1.145449251315706363e+01
9.133572988164677664e-01 1.166159216216390604e+02 1.146092133085320874e+01
9.142971274309754648e-01 1.004410810299985712e+02 1.146736649674670971e+01
9.166174820714592109e-01 1.218877528265725516e+02 1.148329063168345066e+01
9.168441727721532430e-01 1.507459147281315381e+02 1.148484724870794871e+01
9.176900032053223466e-01 1.224257068772830337e+02 1.149065669985596294e+01
9.185293422342513114e-01 1.390532058286008237e+02 1.149642372814941638e+01
9.190068436599772017e-01 1.270454288591503200e+02 1.149970556139952826e+01
9.198853452233155537e-01 1.074552521411384305e+02 1.150574525962376171e+01
9.199383781894878709e-01 9.229055972596124491e+01 1.150610993670558457e+01
9.219533187234494331e-01 1.325978139293638094e+02 1.151997187866134986e+01
9.223352841817895609e-01 1.218158978097688703e+02 1.152260103674796454e+01
9.224862604552797052e-01 1.125405166521664171e+02 1.152364036463301744e+01
9.225695727593645756e-01 9.929424445864809456e+01 1.152421392027632407e+01
9.230790285208072543e-01 1.238013672556057116e+02 1.152772168041632739e+01
9.240149834008803964e-01 1.315930009751632781e+02 1.153416808024859108e+01
9.246899375111679031e-01 1.398312502077521060e+02 1.153881849061552778e+01
9.310111657164510390e-01 1.225457549800216555e+02 1.158243879999536219e+01
9.310377137305341222e-01 1.030037707455361442e+02 1.158262225338162921e+01
9.341495245908715273e-01 1.141410461675897778e+02 1.160414044907376585e+01
9.352462527815417204e-01 1.220014801953826833e+02 1.161173132580749723e+01
9.358235092723223847e-01 1.158251964887975447e+02 1.161572820224456848e+01
9.393517826018411565e-01 1.105161934996812505e+02 1.164017958140902920e+01
9.444422836632042628e-01 1.167399017683803493e+02 1.167552362715194114e+01
9.446645901618986318e-01 1.078799738871458658e+02 1.167706891156269400e+01
9.455858196971189678e-01 1.111353720398732037e+02 1.168347409618548483e+01
9.466562339357689204e-01 1.194943388840253959e+02 1.169091974970410419e+01
9.525613502542820132e-01 1.171412304025615470e+02 1.173205681025503111e+01
9.570653322369109262e-01 9.917793659137477391e+01 1.176350337596355367e+01
9.587202168903370403e-01 1.134164999290786398e+02 1.177507293939403610e+01
9.602125135459003147e-01 1.545037757393903917e+02 1.178551283919534498e+01
9.603861463718430524e-01 1.105217039668684862e+02 1.178672798208250327e+01
9.604156338160578787e-01 1.293936465133541844e+02 1.178693435440771076e+01
9.633855088618961116e-01 1.198875332213941221e+02 1.180773275767561792e+01
9.668199782614581572e-01 1.067037644829056262e+02 1.183181753729747854e+01
9.682068065471058915e-01 1.141513728587241303e+02 1.184155284341267844e+01
9.693352605909919539e-01 1.362117372042898182e+02 1.184947862213285319e+01
9.705140244710299680e-01 1.207322793616999945e+02 1.185776179368737360e+01
9.721436830265595130e-01 1.095819945185246951e+02 1.186922019170965648e+01
9.727691562973774797e-01 1.146889870744406039e+02 1.187362008883545883e+01
9.737500394657476743e-01 1.232296439430535031e+02 1.188052245480552216e+01
9.752386567175046483e-01 1.225477501702211214e+02 1.189100313345967841e+01
9.762834788911038952e-01 1.361119751199875907e+02 1.189836316992134613e+01
9.790297225436328521e-01 1.225859101283415953e+02 1.191772391622179228e+01
9.800278937176125638e-01 1.443359766876728258e+02 1.192476644567059019e+01
9.813726850109099065e-01 1.115420051720889774e+02 1.193425918014815501e+01
9.820326626636175504e-01 1.286818903474235469e+02 1.193891984175752263e+01
9.826085996272677647e-01 1.112748344060117915e+02 1.194298807027310261e+01
9.834225986530567010e-01 1.200479098387051948e+02 1.194873955801924303e+01
9.844850316410151958e-01 1.106658457759004648e+02 1.195624934690168040e+01
9.951096089311644022e-01 1.240539875129259570e+02 1.203153147803443268e+01
9.961135059078565224e-01 1.169858151072918417e+02 1.203866186663491256e+01
9.965027917875859398e-01 1.395272640813293776e+02 1.204142764462526571e+01
9.969999298178200409e-01 1.082384009833101857e+02 1.204496032944133965e+01
9.985152579425062846e-01 1.371177291937275982e+02 1.205573277614529992e+01
9.999309821928581421e-01 1.285970644554710418e+02 1.206580320262882822e+01
1.001000309357086060e+00 1.274437387521469276e+02 1.207341349309629841e+01
1.004682806770689663e+00 1.157898694014618712e+02 1.209964696216242608e+01
1.005095961835565710e+00 1.221553427386672155e+02 1.210259267196625643e+01
1.006707063026858417e+00 1.176284277861185075e+02 1.211408423511087840e+01
1.006906397012749199e+00 1.140488575784406464e+02 1.211550655725316972e+01
1.009887348393220918e+00 1.228700460471007432e+02 1.213679053358133686e+01
1.011248926024138850e+00 1.135175339598797279e+02 1.214652077711076217e+01
1.011701897574864173e+00 1.328914783897902225e+02 1.214975904076676017e+01
1.012670501224703035e+00 1.317692411243297101e+02 1.215668552111615242e+01
1.013952433550319832e+00 1.135399111386638111e+02 1.216585679539889497e+01
1.015571639441853691e+00 1.259381142516099459e+02 1.217744781618866767e+01
1.015788764237125719e+00 1.096397712383245420e+02 1.217900267259098435e+01
1.017993253554890121e+00 1.110512049641919248e+02 1.219479700470862937e+01
1.018463655060182660e+00 1.508266712418159443e+02 1.219816907286670116e+01
1.019539784989758058e+00 9.933852826963865823e+01 1.220588570343228518e+01
1.022253382938839827e+00 1.144786141459358504e+02 1.222535901241705858e+01
1.022257609422889679e+00 1.137901925471425386e+02 1.222538935906515256e+01
1.022501913167988885e+00 1.200062525396094344e+02 1.222714357598334090e+01
1.025513606963381452e+00 9.924673580768249792e+01 1.224878309976043234e+01
1.027639136622468641e+00 1.297626675816541422e+02 1.226407110694785807e+01
1.030365396015464619e+00 1.231676070134746510e+02 1.228369891761762034e+01
1.032006951195128419e+00 1.317651193891184107e+02 1.229552765422270966e+01
1.033406443043962675e+00 1.306311065032330134e+02 1.230561823333469817e+01
1.033795503201860200e+00 1.096627298355475943e+02 1.230842442218536981e+01
1.037897829115832504e+00 1.047710651635410670e+02 1.233803980936555611e+01
1.039621285327477551e+00 1.375027550767032380e+02 1.235049609518878455e+01
1.042459707334120633e+00 1.363650417789453968e+02 1.237102929416601427e+01
1.043715776932153005e+00 1.198228437957719876e+02 1.238012306346130309e+01
1.044312441682460069e+00 1.171759320674352978e+02 1.238444440923080947e+01
1.045371729079910494e+00 1.228824439603822469e+02 1.239211879987220755e+01
1.047191161252477798e+00 1.191223146704945890e+02 1.240530779231452918e+01
1.047532168788724682e+00 1.201161202165263830e+02 1.240778079101470865e+01
1.048008553840006130e+00 1.358848435762304234e+02 1.241123610612754824e+01
1.048886909300085879e+00 1.174743277785059945e+02 1.241760868433073739e+01
1.049269969770139088e+00 1.205232734493603601e+02 1.242038852262633952e+01
1.050559977517161681e+00 1.234030039162920787e+02 1.242975306937981550e+01
1.054153737476982045e+00 1.419850575080541262e+02 1.245586614823534966e+01
1.056489775457873037e+00 1.336941633218085315e+02 1.247285997162819626e+01
1.064276250465967522e+00 1.144746851198012791e+02 1.252961520697937026e+01
1.064471642107563287e+00 1.247249731716707402e+02 1.253104160876237927e+01
1.070139896232714438e+00 1.162848313880461433e+02 1.257246791188750912e+01
1.070401537774274381e+00 1.177571415943311024e+02 1.257438229557577536e+01
1.071714791146702428e+00 1.172699867816371295e+02 1.258399403798900629e+01
1.071783945373133040e+00 1.069482967900374319e+02 1.258450031420302651e+01
1.073431217167752028e+00 1.213184504317073333e+02 1.259656391537382625e+01
1.077469622678457917e+00 1.218046788633307358e+02 1.262617090262302355e+01
1.084834290913449184e+00 1.284180839942532941e+02 1.268028140419656502e+01
1.086686361727957184e+00 1.335086273601784796e+02 1.269391297050857048e+01
1.090331304506270360e+00 1.367207421098027282e+02 1.272076829423664179e+01
1.093094424785960861e+00 1.170991094585830155e+02 1.274115112274963302e+01
1.094258004918327920e+00 1.194308274331891369e+02 1.274974090026401186e+01
1.097480147939307926e+00 1.220301035062264248e+02 1.277354699629574242e+01
1.100536819314523740e+00 1.191716324551057937e+02 1.279615712910477754e+01
1.107629901571932418e+00 1.311766075924257393e+02 1.284872400926742664e+01
1.108799120921827530e+00 1.347495403519984620e+02 1.285740242726460281e+01
1.109958339609699696e+00 1.304422671111931038e+02 1.286601033344481770e+01
1.110503764676922245e+00 1.185319797284685279e+02 1.287006172718502128e+01
1.111327195253950961e+00 1.237935183826063508e+02 1.287617968459470319e+01
1.115239172434852044e+00 1.362495378341262153e+02 1.290527051310803941e+01
1.121715455206645284e+00 1.339827855659549414e+02 1.295352271369726793e+01
1.122209386687881949e+00 1.304446636395145163e+02 1.295720751466833498e+01
1.123314281686019100e+00 1.216703332335066392e+02 1.296545260835083013e+01
1.124445099907453116e+00 1.179248761405967940e+02 1.297389460531005057e+01
1.126041145967484169e+00 1.580509216065479166e+02 1.298581565341672217e+01
1.128317141855677441e+00 1.293709203984935812e+02 1.300282735067078832e+01
1.129987242438975859e+00 1.503575528881707157e+02 1.301531933140474706e+01
1.132677867417537065e+00 1.407328632995937596e+02 1.303546058679047626e+01
1.133580237485110942e+00 1.233119787713148696e+02 1.304221988474280458e+01
1.138011829932741747e+00 1.062941929830001726e+02 1.307544731374197333e+01
1.141086356622894815e+00 1.236191489195671238e+02 1.309853097635855335e+01
1.141825006638374163e+00 1.076684360327966772e+02 1.310408060496207128e+01
1.145622272328661317e+00 1.322539509380374625e+02 1.313263354615598644e+01
1.147357199621981128e+00 1.252188016144608582e+02 1.314569203275314457e+01
1.149363478035696939e+00 1.349285785906810133e+02 1.316080306375535081e+01
1.151504454001094579e+00 1.171308144574116028e+02 1.317694059459167910e+01
1.152585205996154105e+00 1.306668342083591767e+02 1.318509141645335525e+01
1.163610005619393650e+00 1.215844913190172605e+02 1.326841772186260826e+01
1.164690184631124836e+00 1.272640768487692782e+02 1.327659933786700996e+01
1.170762514424133371e+00 1.445948528631334966e+02 1.332265115272030087e+01
1.184134306476592347e+00 1.424897052909951185e+02 1.342440768442916443e+01
1.184603602238048392e+00 1.310764040489505646e+02 1.342798755392748689e+01
1.184706403814839160e+00 1.201164977385733295e+02 1.342877182012494330e+01
1.187234377356219728e+00 1.403095326565147047e+02 1.344806636539341937e+01
1.187987974980095895e+00 1.582723623823075343e+02 1.345382140923734937e+01
1.189941127212306604e+00 1.508182309166215873e+02 1.346874415494539612e+01
1.190156237472698830e+00 1.219222584746450053e+02 1.347038828686205925e+01
1.194802499918941496e+00 1.287297273446902182e+02 1.350593044934237952e+01
1.195450706492905191e+00 1.180826242628322404e+02 1.351089351349754430e+01
1.197240446003137393e+00 1.566187550306541709e+02 1.352460259805647880e+01
1.198048318729787454e+00 1.277889727976097589e+02 1.353079352231789301e+01
1.200112984516990888e+00 1.442690371815262154e+02 1.354662336060774663e+01
1.201238759451967564e+00 1.469114714386911089e+02 1.355525942530547212e+01
1.204991226033434781e+00 1.606996655038385882e+02 1.358406945910139463e+01
1.208222183861856092e+00 1.397540163762840280e+02 1.360890514271048168e+01
1.209500717381327028e+00 1.110096708855201371e+02 1.361874051025473698e+01
1.211606247366119327e+00 1.261259188234691635e+02 1.363494703310672485e+01
1.212336756853310327e+00 1.327536941635501080e+02 1.364057256366730897e+01
1.212761468548617216e+00 1.450513875436508044e+02 1.364384383820788393e+01
1.214345513737471460e+00 1.353704604473103359e+02 1.365604885242161792e+01
1.215569338493554863e+00 1.357085074008691663e+02 1.366548286757095276e+01
1.216781635282296659e+00 1.344533699748985214e+02 1.367483187168779502e+01
1.219737356519133620e+00 1.458730194366545447e+02 1.369764189810268107e+01
1.220411987412988619e+00 1.455302489225512375e+02 1.370285138095904998e+01
1.225351326014939346e+00 1.393946099174181654e+02 1.374102890393201193e+01
1.229235396461701324e+00 1.536860412980347803e+02 1.377109448104193490e+01
1.229545224192622577e+00 1.232125549339718589e+02 1.377349446208569184e+01
1.230936377506412160e+00 1.414925080045244954e+02 1.378427365097196855e+01
1.231262994086038454e+00 1.285672662944072329e+02 1.378680512816941217e+01
1.231875891425977088e+00 1.561324530938797182e+02 1.379155620107996505e+01
1.233087096406234373e+00 1.247618756796626940e+02 1.380094811008220113e+01
1.233954254427580111e+00 1.269280073791127990e+02 1.380767454687897100e+01
1.236213856892597551e+00 1.337143646086813646e+02 1.382521113730355466e+01
1.236348985995245009e+00 1.509424947999371511e+02 1.382626028144459696e+01
1.240099588318285040e+00 1.341650364765350787e+02 1.385539882318539640e+01
1.243122620554416358e+00 1.515967552106879737e+02 1.387891125870464215e+01
1.247138338363865451e+00 1.266803405581443940e+02 1.391018095877927152e+01
1.248589803968242595e+00 1.661536362680335799e+02 1.392149347256708758e+01
1.248811131857796131e+00 1.520396201080007756e+02 1.392321894580787323e+01
1.252505414924292904e+00 1.543964307346825819e+02 1.395203815803654379e+01
1.257286434458688706e+00 1.127400728746386420e+02 1.398938696492224487e+01
1.258912468868607082e+00 1.203057021312962718e+02 1.400210270000099655e+01
1.259959136532121438e+00 1.635352147004873018e+02 1.401029131028540853e+01
1.263268108846912874e+00 1.563039455115248018e+02 1.403619747586269284e+01
1.264946477067205866e+00 1.453310028438590393e+02 1.404934821036434300e+01
1.265923948579415370e+00 1.314738950482357041e+02 1.405701042700737879e+01
1.266385262152789792e+00 1.261529915321770829e+02 1.406062742339191374e+01
1.267402365801131303e+00 1.143667154588517008e+02 1.406860408756733527e+01
1.270066261356502135e+00 1.502096625569039361e+02 1.408950824111831679e+01
1.271627735246072088e+00 1.155691782870323152e+02 1.410176984628862584e+01
1.272020661778255679e+00 1.574882786254914038e+02 1.410485631058684675e+01
1.272049042121037310e+00 1.504145617146872667e+02 1.410507925527118722e+01
1.272769062265490358e+00 1.433097301809121404e+02 1.411073613139453897e+01
1.281097522229825536e+00 1.476261421071189091e+02 1.417626467259216660e+01
1.282686562005719733e+00 1.590721436100813548e+02 1.418878722888074151e+01
1.287731355981151182e+00 1.397798966103510452e+02 1.422858540106467018e+01
1.290442187174520861e+00 1.559297119021018716e+02 1.424999755033350368e+01
1.290884597734659245e+00 1.515636116893905410e+02 1.425349379308656950e+01
1.291122063380683027e+00 1.409303003074955143e+02 1.425537061866677213e+01
1.297834114359274871e+00 1.496380191796354211e+02 1.430847841219017269e+01
1.305911371959456613e+00 1.348782115443383418e+02 1.437253798877821254e+01
1.306577989632600634e+00 1.493178920935866358e+02 1.437783213279930550e+01
1.309002090954503483e+00 1.481676190700515576e+02 1.439709321983546175e+01
1.326877617804399723e+00 1.421366021265951645e+02 1.453957796202227826e+01
1.332022774635295281e+00 1.616897269454297827e+02 1.458073661873270943e+01
1.336322137955068268e+00 1.609334066204027920e+02 1.461517951342665178e+01
1.339481217722227502e+00 1.628705561404487128e+02 1.464051646205028590e+01
1.341414147696056158e+00 1.191411639505893447e+02 1.465603136895298952e+01
1.343262425347130140e+00 1.492869963005812508e+02 1.467087539856813727e+01
1.344468787231832607e+00 1.354049563045832087e+02 1.468056855361317048e+01
1.346293798788470664e+00 1.424870262345491199e+02 1.469523937184215612e+01
1.347188918486252440e+00 1.287874394657553125e+02 1.470243800688590241e+01
1.351114128054566876e+00 1.398616967183371571e+02 1.473402810253016959e+01
1.353770235841954328e+00 1.423237962485139292e+02 1.475542587316582299e+01
1.353795608990223442e+00 1.321217597448019774e+02 1.475563036408179940e+01
1.359666578960839978e+00 1.538574218371286975e+02 1.480298882786998504e+01
1.361891758078684678e+00 1.430867671645735015e+02 1.482096033023216819e+01
1.362008587700298978e+00 1.676827166526020108e+02 1.482190422996961310e+01
1.363237142620449038e+00 1.721726354942576052e+02 1.483183208829118804e+01
1.373598284527922431e+00 1.458873968022371059e+02 1.491570572842411835e+01
1.374606919790562376e+00 1.440381559668921341e+02 1.492388457134829416e+01
1.375454166631260300e+00 1.538069566406894921e+02 1.493075664975654959e+01
1.376130743233934695e+00 1.459973594892246638e+02 1.493624565873908239e+01
1.379438079543716889e+00 1.397188701790611844e+02 1.496309374832480898e+01
1.381820212342599774e+00 1.634841913434332241e+02 1.498244766780042170e+01
1.384374603550159843e+00 1.678983583881108643e+02 1.500321635148228339e+01
1.387621674506845704e+00 1.486476531611360485e+02 1.502963964902392924e+01
1.387677310838497657e+00 1.449150774822283267e+02 1.503009261556769438e+01
1.389156572643491128e+00 1.590000692048326982e+02 1.504213884942374335e+01
1.389456575605127142e+00 1.563385727925344781e+02 1.504458253899819375e+01
1.389901343423366242e+00 1.566543724847474550e+02 1.504820581691744863e+01
1.390774917433291069e+00 1.612102902901303310e+02 1.505532372821429909e+01
1.391157473196524386e+00 1.340081270399220443e+02 1.505844138400601651e+01
1.392772337465791210e+00 1.743008641228576039e+02 1.507160567398878470e+01
1.397300530623246217e+00 1.595802034092636461e+02 1.510855269346758512e+01
1.397333752424894104e+00 1.399475466439195372e+02 1.510882394300499953e+01
1.397970504122296287e+00 1.422377340439072100e+02 1.511402340828200863e+01
1.399078573069868270e+00 1.581563065644441792e+02 1.512307378443413874e+01
1.404463830522555856e+00 1.517509668412739074e+02 1.516710085026798360e+01
1.410841049221419841e+00 1.503520402636823690e+02 1.521932737168008742e+01
1.412836099710324866e+00 1.469732592812860048e+02 1.523568586113923118e+01
1.414019322825265768e+00 1.761306903641691406e+02 1.524539222398378868e+01
1.414149794288599882e+00 1.536101130133064316e+02 1.524646272786477397e+01
1.417302819251458956e+00 1.679320034997677169e+02 1.527234527197248148e+01
1.420894153046930342e+00 1.511372214017743829e+02 1.530185460900613492e+01
1.422225895645772287e+00 1.684442089150039976e+02 1.531280508368519833e+01
1.433162307158299065e+00 1.476985103968233659e+02 1.540289055397965789e+01
1.433606165639470298e+00 1.567193938622210680e+02 1.540655268312785076e+01
1.434527613818190162e+00 1.671524072343850946e+02 1.541415673217354154e+01
1.438132086854061242e+00 1.726066148730958787e+02 1.544392110694368547e+01
1.440976769172668259e+00 1.630029915421692692e+02 1.546743304436625976e+01
1.444561799140041458e+00 1.622850028755441372e+02 1.549709125589238035e+01
1.445070031824008616e+00 1.552077453247417509e+02 1.550129820629165955e+01
1.445749668646553854e+00 1.565057075379993137e+02 1.550692492156390756e+01
1.446444338605469504e+00 1.474388838600798124e+02 1.551267721789474585e+01
1.447015778531377528e+00 1.401431386195766038e+02 1.551740994326110723e+01
1.451220780459051785e+00 1.601413555038911056e+02 1.555225978340492787e+01
1.451967934256108705e+00 1.555584234134744293e+02 1.555845631732376333e+01
1.455333808556864117e+00 1.719132671364911857e+02 1.558638747524836177e+01
1.464087755049499506e+00 1.893074913675249320e+02 1.565915472683295562e+01
1.466020382171676850e+00 1.537606938026944476e+02 1.567524380753873281e+01
1.467228027622095698e+00 1.319971676953728661e+02 1.568530184912802206e+01
1.467415406239243936e+00 1.962617097684026817e+02 1.568686276216851638e+01
1.469635358139849579e+00 1.375910060157215469e+02 1.570536176410981355e+01
1.476963041679160149e+00 1.383720783726575405e+02 1.576650514265627123e+01
1.480858111297874036e+00 1.526942729978779028e+02 1.579905695018603673e+01
1.482260193559841621e+00 1.653796762432705236e+02 1.581078300918036383e+01
1.487559791141737531e+00 1.483953931295930317e+02 1.585514629921764040e+01
1.487639775758068161e+00 1.865051245109897877e+02 1.585581635299847214e+01
1.488559459042867239e+00 1.572761428464602318e+02 1.586352186162505973e+01
1.489662744180983545e+00 1.846983618237468079e+02 1.587276824258660035e+01
1.489838880031296497e+00 1.501051387722078800e+02 1.587424465694126674e+01
1.493759246194782619e+00 1.423687865630725753e+02 1.590712465284419608e+01
1.495728899037670701e+00 1.632910031733190408e+02 1.592365743718762161e+01
1.497442667515927361e+00 1.314869534052760400e+02 1.593804965471933599e+01
1.507724840808616129e+00 1.690804144377364935e+02 1.602454095005548851e+01
1.509439344693288110e+00 1.830507398249861524e+02 1.603898654481892194e+01
1.511746468629217688e+00 1.818090728435265078e+02 1.605843589043940156e+01
1.511998234308505662e+00 1.261644999279222361e+02 1.606055904354369090e+01
1.514303663202411165e+00 1.772615405896674190e+02 1.608000758263905183e+01
1.514470254459741927e+00 1.740639834795440777e+02 1.608141341264843760e+01
1.518348949351570276e+00 1.509092487113242669e+02 1.611416284451642511e+01
1.520326186792271717e+00 1.255242960599450583e+02 1.613087068585021910e+01
1.521528134646637387e+00 1.457937752142364616e+02 1.614103161130338648e+01
1.523498068791711457e+00 1.713485225115858270e+02 1.615769198861783806e+01
1.523682237026871444e+00 1.927745413877976546e+02 1.615925001109050996e+01
1.524464777668903093e+00 1.483438295449250290e+02 1.616587099214418188e+01
1.527038586953669785e+00 1.669275865305432660e+02 1.618765750146446081e+01
1.527650668788407717e+00 1.492158251202678798e+02 1.619284080329414621e+01
1.528953999607043812e+00 1.740311181314341411e+02 1.620388065463222205e+01
1.529957823573886877e+00 1.550497473666417818e+02 1.621238616537586807e+01
1.530873958677230640e+00 1.397329895421784158e+02 1.622015067482982786e+01
1.545212262179592955e+00 1.625211760998774935e+02 1.634191960920396269e+01
1.559650896112287910e+00 1.521557993146123238e+02 1.646500925071522303e+01
1.562719071066537069e+00 1.539726809521427526e+02 1.649122583306988332e+01
1.564064904201423634e+00 1.612087208536133573e+02 1.650273220625682313e+01
1.566882675003063330e+00 1.704437410558766999e+02 1.652683623155882131e+01
1.570829939474060133e+00 1.724059196459409407e+02 1.656063213010080304e+01
1.570854029449464839e+00 1.815594183177231287e+02 1.656083849180897616e+01
1.571134281580235825e+00 1.857531574705902244e+02 1.656323930798187050e+01
1.576588730665085425e+00 1.444890359198490160e+02 1.661000045097580724e+01
1.577067260659772430e+00 1.926737979276910266e+02 1.661410606688567171e+01
1.580513692174597029e+00 1.541750984534401709e+02 1.664369027608994500e+01
1.583591253315175251e+00 1.784690492373009079e+02 1.667013043287674279e+01
1.583665762636464969e+00 1.495094930826875839e+02 1.667077082356683704e+01
1.587383673743977042e+00 1.852558964062745588e+02 1.670274108270156077e+01
1.588438833912101611e+00 1.754000682745344477e+02 1.671181997771045857e+01
1.592381967138190468e+00 1.896706311405282008e+02 1.674576965389823258e+01
1.601109845945772214e+00 1.823593918997000287e+02 1.682103751853779627e+01
1.604493985392006383e+00 1.700597850555425907e+02 1.685026707363009990e+01
1.605686928230797061e+00 1.869827977181105609e+02 1.686057680228905653e+01
1.606429347976555011e+00 2.035782710703951750e+02 1.686699457376574074e+01
1.607339998115539625e+00 1.849179784459591644e+02 1.687486825350645603e+01
1.610168482878819418e+00 1.606636452168870335e+02 1.689933559049252310e+01
1.610942638617762768e+00 1.551970730865084249e+02 1.690603536395150641e+01
1.613221441200431538e+00 1.525721530028566804e+02 1.692576444495572119e+01
1.618704476434864148e+00 1.424859189514425566e+02 1.697328138915999318e+01
1.620654911740056825e+00 1.951824436609233544e+02 1.699020010345974541e+01
1.621348013778941777e+00 1.853973707233103596e+02 1.699621430473713701e+01
1.622728264561430489e+00 1.288540204237296791e+02 1.700819418280998363e+01
1.623317035799759278e+00 1.758176444366069688e+02 1.701330568810988453e+01
1.627559912011225407e+00 1.786042039817910165e+02 1.705016327296507583e+01
1.628539095992001862e+00 1.740960681843941416e+02 1.705867496814709128e+01
1.630542499246061983e+00 1.743952715640354540e+02 1.707609635907729739e+01
1.631047342199756223e+00 2.044196688143815379e+02 1.708048780418824464e+01
1.631993264621365736e+00 2.062837263700032508e+02 1.708871753628315204e+01
1.632583786078651400e+00 1.511881789446721598e+02 1.709385619184307714e+01
1.634665358392023649e+00 1.563672866887951898e+02 1.711197587915625462e+01
1.637532755460655576e+00 1.572918180602405300e+02 1.713695148077513508e+01
1.639803775216158055e+00 1.601068555316654454e+02 1.715674521915958195e+01
1.642189058734090157e+00 1.654511325512455926e+02 1.717754693522190834e+01
1.648353696974560023e+00 1.726603204037421335e+02 1.723136510429475976e+01
1.649601586230503791e+00 1.582287146420829060e+02 1.724226938864035930e+01
1.651594827132238930e+00 1.697407923528093932e+02 1.725969369129171938e+01
1.651835570196972469e+00 1.850614285966582884e+02 1.726179877601323653e+01
1.653767369634669304e+00 1.951787401966726634e+02 1.727869519268828924e+01
1.654216857229869220e+00 1.637050825231643216e+02 1.728262777852586396e+01
1.654266222246898455e+00 1.648217482948410009e+02 1.728305970177078521e+01
1.658124494743076216e+00 1.705570984826557606e+02 1.731683427219560656e+01
1.660028594194742357e+00 1.535863560931369989e+02 1.733351424427284471e+01
1.660655380093409850e+00 1.568419412851854986e+02 1.733900662127808090e+01
1.661716778680530027e+00 1.743823707362045639e+02 1.734830934026707538e+01
1.661962191832445868e+00 1.709532538094245524e+02 1.735046063087568768e+01
1.665660450700732209e+00 1.671543046709067539e+02 1.738289527617320829e+01
1.670002509389383771e+00 1.952725832132406936e+02 1.742101380641137354e+01
1.670067723538579241e+00 1.779427449040088334e+02 1.742158662462729168e+01
1.672271555552938604e+00 1.724215824701220470e+02 1.744094968831869252e+01
1.676242182875970599e+00 1.912723506114697045e+02 1.747586231010148339e+01
1.678080256599404407e+00 1.717124322020278271e+02 1.749203543991260901e+01
1.678265916436067151e+00 2.049264986104187756e+02 1.749366945559403774e+01
1.679906278414093901e+00 1.755117994314165628e+02 1.750810969955427510e+01
1.683582008838079513e+00 1.833705925317462402e+02 1.754048839545748351e+01
1.684175391776819630e+00 1.802344882882619856e+02 1.754571808624043783e+01
1.687639806718318258e+00 1.811378900470174074e+02 1.757626621807713363e+01
1.693234721982808555e+00 1.693752585119993057e+02 1.762565458310039901e+01
1.702695378855733299e+00 1.846048720071586331e+02 1.770931908023051804e+01
1.704238058392345323e+00 1.809252640375122780e+02 1.772297968913093413e+01
1.706025740650462641e+00 1.850049635658325258e+02 1.773881614933218032e+01
1.706367907274256357e+00 2.015065298342083224e+02 1.774184805905262508e+01
1.707933026408639421e+00 1.746166420990258530e+02 1.775571961599382220e+01
1.709303884381398131e+00 1.769519199866380745e+02 1.776787371724100950e+01
1.710503426695834772e+00 2.104439243002552757e+02 1.777851219356206514e+01
1.710506849251911987e+00 1.408003276932912513e+02 1.777854255182118237e+01
1.711138264067673997e+00 1.771633258470884016e+02 1.778414366044773587e+01
1.712068521872557980e+00 1.660828726209646504e+02 1.779239726288712120e+01
1.713260472376730625e+00 1.743680365815883420e+02 1.780297538200639096e+01
1.715934640492895458e+00 1.908507157769231242e+02 1.782671857697742368e+01
1.716160866076784863e+00 1.317045406538565544e+02 1.782872786522392161e+01
1.716564158421424402e+00 1.778720593412311644e+02 1.783231009184880733e+01
1.722372856919059281e+00 1.756513346924222958e+02 1.788394373496466372e+01
1.722977069250728022e+00 1.777368654558397338e+02 1.788931868257110480e+01
1.732238527001980888e+00 1.580628043437775716e+02 1.797180299263518677e+01
1.736238743897355441e+00 1.101896331888538469e+02 1.800748550947375293e+01
1.736562352176351798e+00 1.976543117284842026e+02 1.801037361241144552e+01
1.740156562994566336e+00 1.879151667357918711e+02 1.804246560267721478e+01
1.746177692874949283e+00 2.126669821341002375e+02 1.809628776477586598e+01
1.746605722793640236e+00 1.897799260605992799e+02 1.810011676378717382e+01
1.748752576494196020e+00 1.780967959243318433e+02 1.811932751410337161e+01
1.750586203235851013e+00 1.949387454943157252e+02 1.813574303828330514e+01
1.757372674167447801e+00 1.934256702902509062e+02 1.819655993760893509e+01
1.758005693110393786e+00 1.967853568686401502e+02 1.820223763058670841e+01
1.763646572452268302e+00 2.214762232608853481e+02 1.825286884056958669e+01
1.767925853828544280e+00 1.872749622753085816e+02 1.829132282859098879e+01
1.771570477819205180e+00 2.162037782331200049e+02 1.832410372782730335e+01
1.776110669641108419e+00 1.541804542932479194e+02 1.836497818979151120e+01
1.776397702278978752e+00 1.858561399327083734e+02 1.836756372439266016e+01
1.776942948143663603e+00 1.977289563716338705e+02 1.837247566383251041e+01
1.777061226660492821e+00 2.174771486089953498e+02 1.837354127708536566e+01
1.781261693736018170e+00 1.738225315482308986e+02 1.841140355311810950e+01
1.783023993757887116e+00 1.808948846423866996e+02 1.842729948450041633e+01
1.791210115260437608e+00 1.667135811802720866e+02 1.850122231607546652e+01
1.792527576843960357e+00 1.994795933669613817e+02 1.851313225170230581e+01
1.793391684568498512e+00 1.742204532890957864e+02 1.852094578148937387e+01
1.794862124206485277e+00 2.077432909611236482e+02 1.853424548648379400e+01
1.794981827619515524e+00 1.559073372002496001e+02 1.853532836545100437e+01
1.796173022716035295e+00 1.625258392122132705e+02 1.854610593987424849e+01
1.797180094977355314e+00 2.091879132710045326e+02 1.855521990358575835e+01
1.799273796056139574e+00 1.868866668159645883e+02 1.857417448952053363e+01
1.800177571110262775e+00 1.930345381672565850e+02 1.858235928298334372e+01
1.801005092794403240e+00 1.513070827594677326e+02 1.858985498021835880e+01
1.801176559148196521e+00 1.713810220538876479e+02 1.859140829957906149e+01
1.801957001391357505e+00 1.791268448529762054e+02 1.859847911446385282e+01
1.803053640023574822e+00 2.072545322949586932e+02 1.860841678514078623e+01
1.806312513083774274e+00 1.841930049992709826e+02 1.863796305190750147e+01
1.810059051244182982e+00 2.011893177227989042e+02 1.867195759227190521e+01
1.815564745478237985e+00 1.906103349650923917e+02 1.872196613186897096e+01
1.816107197389952077e+00 1.701130634783792743e+02 1.872689660865972527e+01
1.817108565145357346e+00 1.947622747531423499e+02 1.873599986216705204e+01
1.820232596996783858e+00 1.842197843739674568e+02 1.876441303251212034e+01
1.832301944345783973e+00 1.738271382799341893e+02 1.887437105507390456e+01
1.833519027699896498e+00 2.121040065706054349e+02 1.888547576992025867e+01
1.836242744458705722e+00 1.838889301559391356e+02 1.891033796726884830e+01
1.851654991609591683e+00 1.918190608698737378e+02 1.905130488307582226e+01
1.853475131446428836e+00 2.080519591164799635e+02 1.906798437026503379e+01
1.853508218089749082e+00 1.946243685195471187e+02 1.906828763317252751e+01
1.853651943316165784e+00 1.774141917799875614e+02 1.906960500399663516e+01
1.855731342782120485e+00 1.535780835441749161e+02 1.908866923234748114e+01
1.858811027187852183e+00 1.842224917963559392e+02 1.911692023563729137e+01
1.859308771007091021e+00 1.725078251530202351e+02 1.912148800514902547e+01
1.861091598757230958e+00 2.081687822955764489e+02 1.913785301896417579e+01
1.862718558023507498e+00 1.836295088156944644e+02 1.915279286258390457e+01
1.864222575466751852e+00 1.508120384321905476e+02 1.916660850918577452e+01
1.872025267003069260e+00 2.193882068770830074e+02 1.923835567773951993e+01
1.873284794408235587e+00 1.640206379338189322e+02 1.924994871957473919e+01
1.875247666446504091e+00 1.821956718812595284e+02 1.926802188377517666e+01
1.879137016794110160e+00 1.854736382992304868e+02 1.930385592115137428e+01
1.886583797332336498e+00 1.885189619189667383e+02 1.937255034918396746e+01
1.890999522614456474e+00 2.142145109074715776e+02 1.941333647457190636e+01
1.892051754899964688e+00 1.803176024373081816e+02 1.942306122321001638e+01
1.893072646745109999e+00 2.015900465528051768e+02 1.943249843247550501e+01
1.895640430948700050e+00 1.687786829483570443e+02 1.945624442383214614e+01
1.896176262990843409e+00 2.194607084399042662e+02 1.946120127159089108e+01
1.900675606497896020e+00 2.153322250104721149e+02 1.950284611095195686e+01
1.901420973933735770e+00 1.974278064109012405e+02 1.950974893963910617e+01
1.904512684452757565e+00 1.945025796159540334e+02 1.953839297755466475e+01
1.911410426201941792e+00 2.026635597177563568e+02 1.960236746246443928e+01
1.911633412043095781e+00 1.918449363484510570e+02 1.960443716327126396e+01
1.918440877885120965e+00 1.824238851125647045e+02 1.966766979452766861e+01
1.920018259492227930e+00 1.974469240405602477e+02 1.968233472798357298e+01
1.922103130879960542e+00 2.103516707925678588e+02 1.970172534220759530e+01
1.922145066606498087e+00 2.058537346606671861e+02 1.970211545889623039e+01
1.930430261077398679e+00 2.047989391414242277e+02 1.977925843229567349e+01
1.935197788501306082e+00 2.338555873151190099e+02 1.982370991046164477e+01
1.935865455081279496e+00 1.847298854344835490e+02 1.982993867070175398e+01
1.943792264402945946e+00 1.829384275151614929e+02 1.990395597058773447e+01
1.944856270810401355e+00 1.867144054136415718e+02 1.991390061476579376e+01
1.945702798017347579e+00 2.008924602298969262e+02 1.992181419390868413e+01
1.946819098406226800e+00 2.257928746604682146e+02 1.993225183755672703e+01
1.948862981184535048e+00 1.900317587653347573e+02 1.995136889948899750e+01
1.949984251577269401e+00 1.974168876234758727e+02 1.996185996033729992e+01
1.952042974326225977e+00 2.071241134773227373e+02 1.998112861318682576e+01
1.958674701088317427e+00 1.863535317520938577e+02 2.004325472857735946e+01
1.959289725907742863e+00 1.763524719074157474e+02 2.004902064376430459e+01
1.964182964309220125e+00 1.793099444036910199e+02 2.009492150637757746e+01
1.964845007093847240e+00 1.827605965236420218e+02 2.010113536281431834e+01
1.969854996079683840e+00 2.207522648164499515e+02 2.014818621143611566e+01
1.972154839191679887e+00 1.745692944853263953e+02 2.016980133532303299e+01
1.975608772304752403e+00 1.846365749368355011e+02 2.020228251654636153e+01
1.980170572567564236e+00 1.848950133313414597e+02 2.024521771487833988e+01
1.981410951033454104e+00 2.091183697492570559e+02 2.025689901246406066e+01
1.982980750200740161e+00 1.860697588467140520e+02 2.027168691494796349e+01
1.983510519445255138e+00 1.597418699113755451e+02 2.027667855223425875e+01
1.986527306836060713e+00 2.274129290397878265e+02 2.030511394891454913e+01
1.987155823311248071e+00 1.946623453521353895e+02 2.031104038822661551e+01
1.991908709541218681e+00 2.086207597452617790e+02 2.035588128638079297e+01
1.993225577115274927e+00 2.119879892946331665e+02 2.036831294338064424e+01
1.993295783932160781e+00 2.272101595092069886e+02 2.036897581258771694e+01
1.995768116749939480e+00 2.176734270082511102e+02 2.039232482032483063e+01
1.998916437997070972e+00 1.845413923205764775e+02 2.042207502417592480e+01
1.999887804790620560e+00 2.185776870526494520e+02 2.043125785861047561e+01
