7.241793364978299508e-02 7.401039803180026411e+01 1.396667540438747146e+01
7.687070645351501419e-02 8.506094423945029348e+01 1.399825150936723084e+01
7.748765171510774152e-02 7.509864962609641736e+01 1.400264148648386175e+01
8.036245939828323692e-02 9.667107734069773528e+01 1.402314580703045266e+01
8.377430048038791988e-02 6.341426431496578431e+01 1.404758328969532322e+01
8.529656527982498737e-02 7.574274292708921053e+01 1.405852256827892077e+01
9.531409610710728231e-02 7.098821140278630537e+01 1.413106346305822569e+01
1.032091390566309830e-01 6.157661294606561597e+01 1.418890998385092672e+01
1.047887624946874929e-01 6.647727278910672055e+01 1.420055514082590697e+01
1.048055481128571387e-01 6.074110122152686841e+01 1.420067901387135478e+01
1.129388742967338821e-01 7.383479509897392745e+01 1.426101604937677259e+01
1.162878337237958082e-01 8.548072047987810151e+01 1.428604305639401417e+01
1.172351845089225630e-01 7.180166436281123765e+01 1.429314199583957645e+01
1.173087256423317459e-01 7.938398549988330899e+01 1.429369342994822745e+01
1.188750362605714983e-01 7.658808052328726035e+01 1.430545029446226479e+01
1.235347536432540583e-01 6.775065219962033325e+01 1.434056407252939813e+01
1.311105302855366528e-01 6.492842715679876164e+01 1.439809089819654275e+01
1.324321807696910991e-01 6.664596146575125601e+01 1.440818246454666962e+01
1.348973694734818540e-01 3.754633942566920268e+01 1.442704967900919577e+01
1.363917179856408701e-01 9.444275644145930926e+01 1.443851452797205326e+01
1.380533150828395783e-01 7.316808908400852829e+01 1.445128725799960989e+01
1.508987182573118258e-01 6.861566615469749308e+01 1.455090723189727875e+01
1.535287313550983690e-01 5.441578297356873861e+01 1.457149496765801189e+01
1.540429789073523015e-01 9.893838772232933820e+01 1.457552807749593882e+01
1.564711008817070148e-01 6.779910896302955337e+01 1.459460468278110490e+01
1.574030030233128929e-01 7.147998858499714459e+01 1.460194086172620409e+01
1.662239314099112075e-01 7.902594988118715946e+01 1.467178384854078388e+01
1.677239950975579763e-01 8.550008161165487763e+01 1.468373346443641836e+01
1.900014731123795819e-01 6.415468523491514929e+01 1.486366108127033492e+01
1.941259691174850310e-01 9.023705255431387684e+01 1.489747786561862419e+01
1.949465192571171457e-01 7.499626777878141581e+01 1.490422430040352708e+01
1.964068552752618046e-01 9.461647199665540597e+01 1.491624632117461147e+01
2.008342246771501749e-01 7.400836038965567809e+01 1.495281419539427681e+01
2.035254152673133810e-01 6.942455493065308758e+01 1.497513029069224721e+01
2.083210739216099228e-01 5.175177929228048157e+01 1.501506223967071563e+01
2.101385047102761749e-01 7.035212695855442178e+01 1.503025058631414268e+01
2.158431986081428278e-01 8.333747840970434595e+01 1.507812158794237689e+01
2.186826548011080451e-01 8.624956167096743798e+01 1.510205992103393413e+01
2.197184631312638636e-01 7.226676517801462296e+01 1.511081075276511321e+01
2.285422435371777805e-01 1.159856152785732917e+02 1.518575358750669402e+01
2.384181345512426109e-01 4.974909651593168292e+01 1.527047213017076821e+01
2.392457335105646621e-01 7.494532020130337457e+01 1.527761170508428989e+01
2.409479700855758910e-01 9.834769510167146223e+01 1.529231614120712379e+01
2.452926843238807386e-01 8.573679619401355012e+01 1.532996588595591447e+01
2.487340316076305236e-01 7.941528643173359114e+01 1.535990834559643581e+01
2.507459676343493093e-01 4.995052241278955307e+01 1.537746324992852465e+01
2.522652433105820879e-01 8.139519948255174597e+01 1.539074366478457456e+01
2.588023374404846422e-01 6.885878000423269896e+01 1.544812302662732861e+01
2.639193276210938244e-01 8.012521299215831050e+01 1.549330499020086904e+01
2.693390854901605014e-01 9.298145995455634250e+01 1.554141586930444241e+01
2.768950430624645964e-01 7.764896648934001178e+01 1.560892713089720374e+01
2.787735188296232014e-01 7.363571531824371164e+01 1.562578989490447157e+01
2.790056447000890394e-01 9.258645747810302851e+01 1.562787582752411097e+01
2.804828028761683356e-01 7.724784226129462184e+01 1.564116110086713540e+01
2.827520325465884277e-01 6.685888170062170843e+01 1.566160784706390530e+01
2.875132315183517306e-01 6.246097356176352378e+01 1.570465669391232133e+01
2.916224818537274110e-01 9.438875440566788200e+01 1.574197215941686778e+01
2.925251149470471379e-01 9.380116193261109458e+01 1.575018881417012473e+01
2.938859936506030834e-01 9.006493205304248306e+01 1.576259046403309405e+01
3.035695678506009632e-01 8.137064213501759014e+01 1.585130759773454656e+01
3.063938327919863980e-01 6.657306839721194081e+01 1.587733761835641566e+01
3.091665144571489332e-01 7.407581726199443040e+01 1.590296022451497038e+01
3.118387502884636397e-01 1.100410960108157070e+02 1.592771827394170536e+01
3.173990999706468585e-01 8.238873757027403144e+01 1.597943440823320138e+01
3.325123401271863344e-01 9.285343217011791239e+01 1.612136003912314308e+01
3.363838819921232126e-01 7.395522717513664190e+01 1.615803535375902555e+01
3.407419654233594386e-01 8.394037511432253496e+01 1.619947442456230746e+01
3.470141665398323028e-01 8.576008916813815119e+01 1.625940088413132045e+01
3.552316009490030790e-01 8.280169730656942306e+01 1.633842329297180740e+01
3.709197988347967545e-01 8.184455759577815570e+01 1.649088740637354178e+01
3.883191637407339414e-01 8.046613364826939119e+01 1.666241837616673749e+01
3.926735747066263382e-01 8.798870854231641658e+01 1.670574439517168130e+01
3.941275537058612777e-01 1.067252887730799245e+02 1.672024671360453496e+01
4.172083518262967861e-01 8.438331204013726961e+01 1.695281742559919280e+01
4.178669451858214590e-01 8.702599434520621458e+01 1.695951843840350293e+01
4.228764314612780684e-01 9.244306783192175203e+01 1.701060564014647269e+01
4.245654808115750800e-01 8.964384004515306970e+01 1.702787727876001966e+01
4.311230964680878852e-01 9.514579303841018998e+01 1.709515517356541281e+01
4.334373926594763393e-01 9.561096179280021090e+01 1.711898281351095008e+01
4.358243785399440462e-01 8.272992498225472957e+01 1.714360472341146391e+01
4.367523822193224436e-01 6.738855844106379323e+01 1.715318970029779777e+01
4.385083382622434467e-01 8.502459540765752877e+01 1.717134548790035709e+01
4.445462803973545540e-01 7.160212704493561375e+01 1.723396669291172856e+01
4.532129202467662932e-01 9.381319563591705446e+01 1.732436814875237374e+01
4.535600976096096915e-01 9.401360608061715141e+01 1.732800221045202349e+01
4.587885185299367397e-01 6.986645796278168064e+01 1.738284809929949049e+01
4.673794207367818476e-01 7.989162479335081457e+01 1.747344408041793073e+01
4.833484551909925653e-01 1.146569730278206691e+02 1.764341598525985333e+01
4.844357023297756193e-01 8.191672480513533117e+01 1.765506230034104362e+01
4.929504030021740757e-01 8.060076135186018575e+01 1.774659344863541932e+01
4.931045133902458577e-01 6.499467202136320054e+01 1.774825538261044144e+01
4.969772271750967363e-01 8.821413220477181483e+01 1.779008041451982081e+01
5.031028414431579776e-01 1.039434126770110822e+02 1.785647764127166326e+01
5.036281691082018508e-01 1.267822344325961978e+02 1.786218553443424284e+01
5.082782262159462050e-01 1.125449552209614836e+02 1.791280454506619790e+01
5.088590809647701718e-01 9.443992014991324879e+01 1.791913943291678990e+01
5.113812412980491828e-01 1.077364214843221646e+02 1.794667707013641333e+01
5.116596956709325017e-01 1.091104903853788102e+02 1.794972035661923115e+01
5.261322255458071862e-01 9.671421890779190278e+01 1.810872448317498495e+01
5.317939736176724441e-01 8.725755539872210420e+01 1.817136974547229045e+01
5.377084897832355992e-01 1.364399241353605419e+02 1.823707577097207633e+01
5.473621856084667225e-01 1.171368516604129013e+02 1.834489835280021452e+01
5.473776427592995653e-01 7.054412049127923012e+01 1.834507156639667969e+01
5.560366843033301976e-01 6.882573198281589555e+01 1.844239159617092838e+01
5.586798014362690523e-01 1.035896166423597720e+02 1.847221154918913300e+01
5.598582901994344496e-01 7.246147243668485771e+01 1.848552448430021045e+01
5.605908264776235939e-01 8.116410078414666884e+01 1.849380497217705255e+01
5.650207771725646033e-01 9.461197126582263195e+01 1.854396710008405336e+01
5.663538543059369879e-01 6.613394900881954186e+01 1.855909112055856980e+01
5.673244786458129241e-01 9.676359658758845228e+01 1.857011148610692075e+01
5.684172839429635360e-01 7.624589145058602924e+01 1.858252758955122275e+01
5.700633853650296512e-01 6.093037362525804923e+01 1.860124706492709734e+01
5.724598535061322657e-01 1.265313366341117671e+02 1.862853620393020648e+01
5.772989944208739566e-01 6.889243606613538873e+01 1.868377226512920330e+01
5.869441001969437632e-01 1.044193223113905162e+02 1.879438913023689395e+01
6.061595239117958389e-01 8.211692379026628430e+01 1.901682876264846200e+01
6.073137066737077649e-01 1.250811127791718889e+02 1.903027664667693131e+01
6.114849641334385577e-01 9.339815445104953540e+01 1.907895952230306591e+01
6.330182608799272970e-01 1.324339525286937373e+02 1.933230103769604113e+01
6.415090630774265001e-01 9.068757391352541219e+01 1.943312273399524415e+01
6.442958293983438445e-01 1.010976724275960805e+02 1.946632688240103448e+01
6.490666593277119034e-01 8.791840300290556343e+01 1.952330076574022755e+01
6.622781498453937932e-01 1.187356081552290448e+02 1.968192537750066151e+01
6.700028033242304559e-01 6.447118962271579790e+01 1.977524836502901451e+01
6.775480404822633584e-01 8.431748857317893453e+01 1.986681207402922666e+01
6.787932885520933102e-01 8.189158080237874060e+01 1.988196219146893640e+01
6.802383433888605779e-01 1.073360661520073904e+02 1.989955692849646596e+01
6.812470604749720771e-01 8.064247437404669938e+01 1.991184760963433220e+01
6.832795176273236404e-01 1.063122315867740753e+02 1.993663376711684521e+01
6.879001975235738975e-01 1.105406927639225074e+02 1.999309173499063519e+01
6.909799767558590933e-01 7.770908861085555941e+01 2.003080529383585073e+01
6.959228282471363602e-01 1.014270582216499434e+02 2.009147185333590713e+01
7.038334092300224665e-01 1.021960674660945187e+02 2.018891754989294895e+01
7.045262605175972581e-01 8.023414529049125576e+01 2.019747308996535651e+01
7.153913284241029125e-01 9.681451336249895689e+01 2.033207308645344824e+01
7.400083752300530282e-01 1.430804301232161890e+02 2.064003933872594132e+01
7.412975758582327490e-01 9.860002728307156872e+01 2.065628154991255272e+01
7.470798519489940670e-01 8.449601005912180085e+01 2.072926913937914151e+01
7.516377150334485613e-01 1.113316152523884597e+02 2.078696079268268804e+01
7.557334540698652514e-01 7.772785839676447495e+01 2.083892257853666408e+01
7.557865436140096538e-01 1.001244180026515096e+02 2.083959685594206235e+01
7.800163848037411363e-01 9.594552012674306241e+01 2.114930353275173047e+01
7.934777011605478325e-01 1.277126042194880142e+02 2.132305199686776831e+01
7.934863315404039330e-01 1.362261744163117214e+02 2.132316377453881984e+01
7.963813130930177397e-01 1.300377427391435106e+02 2.136068618978628919e+01
7.971357292414429363e-01 1.162297575243448478e+02 2.137047336410643084e+01
7.973512782262299758e-01 8.631376730979906142e+01 2.137327040529904920e+01
8.088565977789781147e-01 1.344243186672212858e+02 2.152300896469500557e+01
8.177022512057163794e-01 1.190762618671976583e+02 2.163871952924454689e+01
8.254793992918698642e-01 9.497719992490972629e+01 2.174087198777491636e+01
8.426795449016155626e-01 9.436975770655166684e+01 2.196817847345677066e+01
8.445463938800641390e-01 1.046758943819935723e+02 2.199296361247090204e+01
8.542433260757353874e-01 1.235649724188307914e+02 2.212206166973700050e+01
8.591081259782404889e-01 1.187628700800707833e+02 2.218705306622998208e+01
8.607463659316649807e-01 7.072319286124306359e+01 2.220897288456677643e+01
8.610766713366024838e-01 9.085003230748856140e+01 2.221339445984521177e+01
8.769616578671766138e-01 9.534711458091911140e+01 2.242684734474585184e+01
8.912320835599749635e-01 1.106539801575574984e+02 2.261995216446548085e+01
8.974512302675416997e-01 1.197612410611137506e+02 2.270450473105386635e+01
8.998809857561369530e-01 1.190847827778990649e+02 2.273760358432993911e+01
9.015782607193612019e-01 1.078894937183953289e+02 2.276074600959927352e+01
9.083250103257436425e-01 1.071243553066042153e+02 2.285291389570948795e+01
9.087911312188150514e-01 1.245490749390472871e+02 2.285929195780706280e+01
9.124194605543181069e-01 1.131811082435704634e+02 2.290898502631412725e+01
9.166174820714592109e-01 1.040382729099480059e+02 2.296658126336690131e+01
9.168441727721532430e-01 1.228779144378149084e+02 2.296969449741589742e+01
9.176900032053223466e-01 9.129398341322210797e+01 2.298131339971192588e+01
9.190068436599772017e-01 1.079445510574063007e+02 2.299941112279905653e+01
9.219533187234494331e-01 1.475979379534505824e+02 2.303994375732269972e+01
9.223352841817895609e-01 8.642649570783805757e+01 2.304520207349592908e+01
9.224862604552797052e-01 7.927921422473973223e+01 2.304728072926603488e+01
9.225695727593645756e-01 1.511377065727934337e+02 2.304842784055264815e+01
9.341495245908715273e-01 1.022706226034111410e+02 2.320828089814753170e+01
9.393517826018411565e-01 1.124374180857575425e+02 2.328035916281805839e+01
9.603861463718430524e-01 1.572968742344139059e+02 2.357345596416500655e+01
9.668199782614581572e-01 1.055208860763369785e+02 2.366363507459495708e+01
9.727691562973774797e-01 1.024900411527858921e+02 2.374724017767091766e+01
9.737500394657476743e-01 1.330609506171372800e+02 2.376104490961104432e+01
9.752386567175046483e-01 1.137446003792375961e+02 2.378200626691935682e+01
9.826085996272677647e-01 1.273487152100489084e+02 2.388597614054620522e+01
9.844850316410151958e-01 1.103952884469096603e+02 2.391249869380336079e+01
9.951096089311644022e-01 1.015024250329735764e+02 2.406306295606886536e+01
9.999309821928581421e-01 1.270827683382140663e+02 2.413160640525765643e+01
1.001000309357086060e+00 1.274814350944485710e+02 2.414682698619259682e+01
1.011248926024138850e+00 9.183679007765491065e+01 2.429304155422152434e+01
1.011701897574864173e+00 1.039059806148605958e+02 2.429951808153352033e+01
1.017993253554890121e+00 7.963743142974573175e+01 2.438959400941725875e+01
1.022253382938839827e+00 1.288958913613051038e+02 2.445071802483411716e+01
1.030365396015464619e+00 1.252719135268170731e+02 2.456739783523524068e+01
1.032006951195128419e+00 1.140265125710902083e+02 2.459105530844541931e+01
1.033406443043962675e+00 1.085791952274229573e+02 2.461123646666939635e+01
1.037897829115832504e+00 1.240205378820233477e+02 2.467607961873111222e+01
1.039621285327477551e+00 1.093685250555969475e+02 2.470099219037756910e+01
1.043715776932153005e+00 1.511758359481875686e+02 2.476024612692260618e+01
1.044312441682460069e+00 9.392324018254254270e+01 2.476888881846161894e+01
1.047532168788724682e+00 9.083237425114069197e+01 2.481556158202941731e+01
1.048886909300085879e+00 1.757137674997653392e+02 2.483521736866147478e+01
1.049269969770139088e+00 8.720579090646336340e+01 2.484077704525267905e+01
1.056489775457873037e+00 9.601724687334426278e+01 2.494571994325639253e+01
1.064276250465967522e+00 1.357974687735317616e+02 2.505923041395874051e+01
1.071714791146702428e+00 1.362445194474881589e+02 2.516798807597801257e+01
1.071783945373133040e+00 1.439056974092744383e+02 2.516900062840605301e+01
1.093094424785960861e+00 1.340808626973744992e+02 2.548230224549926604e+01
1.094258004918327920e+00 1.213068673935253656e+02 2.549948180052802371e+01
1.107629901571932418e+00 1.156059283079402604e+02 2.569744801853485328e+01
1.109958339609699696e+00 1.106958340194670285e+02 2.573202066688963541e+01
1.110503764676922245e+00 1.643398815443194962e+02 2.574012345437004257e+01
1.115239172434852044e+00 1.216599102337406464e+02 2.581054102621607882e+01
1.123314281686019100e+00 1.426217830946305583e+02 2.593090521670166027e+01
1.129987242438975859e+00 1.809416566582598875e+02 2.603063866280949412e+01
1.133580237485110942e+00 1.231611395617206028e+02 2.608443976948560916e+01
1.145622272328661317e+00 1.322925363698223293e+02 2.626526709231197287e+01
1.163610005619393650e+00 1.445156918094467358e+02 2.653683544372521652e+01
1.164690184631124836e+00 9.531666950750326350e+01 2.655319867573401993e+01
1.170762514424133371e+00 1.452169322220753997e+02 2.664530230544060174e+01
1.184603602238048392e+00 1.481235809868845479e+02 2.685597510785497377e+01
1.198048318729787454e+00 1.040765922136988593e+02 2.706158704463578601e+01
1.201238759451967564e+00 9.813537740884792981e+01 2.711051885061094424e+01
1.204991226033434781e+00 1.223698346251527767e+02 2.716813891820278926e+01
1.211606247366119327e+00 1.250793938064216633e+02 2.726989406621344969e+01
1.212336756853310327e+00 8.950079809909624373e+01 2.728114512733461794e+01
1.215569338493554863e+00 1.358469006554651060e+02 2.733096573514190553e+01
1.216781635282296659e+00 1.157973854885139673e+02 2.734966374337559003e+01
1.220411987412988619e+00 1.397658523094646625e+02 2.740570276191809995e+01
1.229545224192622577e+00 1.180932815849084818e+02 2.754698892417138367e+01
1.230936377506412160e+00 7.647190757610817968e+01 2.756854730194393710e+01
1.233954254427580111e+00 1.581175951495334004e+02 2.761534909375794200e+01
1.240099588318285040e+00 1.639641324585067537e+02 2.771079764637079279e+01
1.248589803968242595e+00 1.235145461234117192e+02 2.784298694513417516e+01
1.258912468868607082e+00 9.739359803504987667e+01 2.800420540000199310e+01
1.263268108846912874e+00 1.399611349648417900e+02 2.807239495172538568e+01
1.265923948579415370e+00 1.336337903620483303e+02 2.811402085401475759e+01
1.267402365801131303e+00 1.360341309774206309e+02 2.813720817513467054e+01
1.272769062265490358e+00 1.444689332699548174e+02 2.822147226278907794e+01
1.282686562005719733e+00 8.300495904411476999e+01 2.837757445776148302e+01
1.287731355981151182e+00 1.137502775272700148e+02 2.845717080212934036e+01
1.291122063380683027e+00 1.574803912335210327e+02 2.851074123733354426e+01
1.309002090954503483e+00 1.676258547570863016e+02 2.879418643967092351e+01
1.332022774635295281e+00 1.414698347287157105e+02 2.916147323746541886e+01
1.339481217722227502e+00 1.450766720941428218e+02 2.928103292410057179e+01
1.344468787231832607e+00 1.261209721585813952e+02 2.936113710722634096e+01
1.346293798788470664e+00 1.978071952143397141e+02 2.939047874368431224e+01
1.359666578960839978e+00 1.548075034899427180e+02 2.960597765573997009e+01
1.373598284527922431e+00 1.817550653800755640e+02 2.983141145684823670e+01
1.374606919790562376e+00 1.386855244102618485e+02 2.984776914269658832e+01
1.381820212342599774e+00 1.489057869990651568e+02 2.996489533560084340e+01
1.389156572643491128e+00 1.443993629526727887e+02 3.008427769884748670e+01
1.391157473196524386e+00 1.360888497862933377e+02 3.011688276801203301e+01
1.397333752424894104e+00 2.028035075907093869e+02 3.021764788600999907e+01
1.397970504122296287e+00 1.945291821259557423e+02 3.022804681656401726e+01
1.404463830522555856e+00 1.162552112246701768e+02 3.033420170053596721e+01
1.410841049221419841e+00 1.534364926217895970e+02 3.043865474336017485e+01
1.412836099710324866e+00 1.633880496218949929e+02 3.047137172227846236e+01
1.417302819251458956e+00 1.702131040030201632e+02 3.054469054394496297e+01
1.420894153046930342e+00 1.868191260178996345e+02 3.060370921801226984e+01
1.433162307158299065e+00 1.409157462670217171e+02 3.080578110795931579e+01
1.434527613818190162e+00 1.774381798505845325e+02 3.082831346434708308e+01
1.445070031824008616e+00 1.553317339296364707e+02 3.100259641258331911e+01
1.445749668646553854e+00 1.620345185870447153e+02 3.101384984312781512e+01
1.446444338605469504e+00 1.199220472684601475e+02 3.102535443578949170e+01
1.447015778531377528e+00 1.256438184032356276e+02 3.103481988652221446e+01
1.488559459042867239e+00 1.546017450777780198e+02 3.172704372325011946e+01
1.489838880031296497e+00 1.596613906675964074e+02 3.174848931388253348e+01
1.497442667515927361e+00 2.264502756406112951e+02 3.187609930943867198e+01
1.511746468629217688e+00 2.109280096647322580e+02 3.211687178087880312e+01
1.520326186792271717e+00 1.411699718888514781e+02 3.226174137170043821e+01
1.545212262179592955e+00 1.503246054081240004e+02 3.268383921840792539e+01
1.570829939474060133e+00 1.279454056138722819e+02 3.312126426020160608e+01
1.580513692174597029e+00 1.363731041972439755e+02 3.328738055217989000e+01
1.583591253315175251e+00 1.301177674854483826e+02 3.334026086575348558e+01
1.587383673743977042e+00 1.646452922964549259e+02 3.340548216540312154e+01
1.588438833912101611e+00 1.230210851657725897e+02 3.342363995542091715e+01
1.620654911740056825e+00 1.508698185806220522e+02 3.398040020691949081e+01
1.621348013778941777e+00 1.755693490511354469e+02 3.399242860947427403e+01
1.627559912011225407e+00 1.489643511196583177e+02 3.410032654593015167e+01
1.632583786078651400e+00 1.412954296781526864e+02 3.418771238368615428e+01
1.639803775216158055e+00 1.371660275763496770e+02 3.431349043831916390e+01
1.648353696974560023e+00 2.139221664392285334e+02 3.446273020858951952e+01
1.651835570196972469e+00 2.317219384107566782e+02 3.452359755202647307e+01
1.654266222246898455e+00 1.512409624979690079e+02 3.456611940354157042e+01
1.658124494743076216e+00 1.658209552636229773e+02 3.463366854439121312e+01
1.678265916436067151e+00 1.331770599984528189e+02 3.498733891118807549e+01
1.679906278414093901e+00 1.981072688787415075e+02 3.501621939910855019e+01
1.706025740650462641e+00 1.844865219613979548e+02 3.547763229866436063e+01
1.706367907274256357e+00 2.161404138210371855e+02 3.548369611810525015e+01
1.707933026408639421e+00 1.601913190544498491e+02 3.551143923198764440e+01
1.709303884381398131e+00 2.262994668456124714e+02 3.553574743448201900e+01
1.710503426695834772e+00 2.094886579836937983e+02 3.555702438712413027e+01
1.711138264067673997e+00 2.076322322991779856e+02 3.556828732089547174e+01
1.716160866076784863e+00 1.966203710089600918e+02 3.565745573044784322e+01
1.732238527001980888e+00 1.779190635026888003e+02 3.594360598527037354e+01
1.740156562994566336e+00 2.072701433006599530e+02 3.608493120535442955e+01
1.746605722793640236e+00 1.185901476565294672e+02 3.620023352757434765e+01
1.757372674167447801e+00 1.852373981091744497e+02 3.639311987521787017e+01
1.763646572452268302e+00 1.943105341912027768e+02 3.650573768113917339e+01
1.767925853828544280e+00 1.691161044889526011e+02 3.658264565718197758e+01
1.776397702278978752e+00 1.836675225166641212e+02 3.673512744878532033e+01
1.792527576843960357e+00 2.240131099015397353e+02 3.702626450340461162e+01
1.797180094977355314e+00 1.792917007863862295e+02 3.711043980717151669e+01
1.800177571110262775e+00 2.154764482697254948e+02 3.716471856596668744e+01
1.836242744458705722e+00 2.100002226665901333e+02 3.782067593453769661e+01
1.851654991609591683e+00 1.465771862522545632e+02 3.810260976615164452e+01
1.853475131446428836e+00 2.532820266694015174e+02 3.813596874053006758e+01
1.853651943316165784e+00 1.358145722141058229e+02 3.813921000799327032e+01
1.855731342782120485e+00 2.683003900607222931e+02 3.817733846469496228e+01
1.873284794408235587e+00 1.399349103586669969e+02 3.849989743914947837e+01
1.875247666446504091e+00 1.954605505566798342e+02 3.853604376755035332e+01
1.896176262990843409e+00 2.184773491635804419e+02 3.892240254318178216e+01
1.918440877885120965e+00 2.552535650281807591e+02 3.933533958905533723e+01
1.922145066606498087e+00 2.057411759329430652e+02 3.940423091779246079e+01
1.930430261077398679e+00 1.372327630354750454e+02 3.955851686459134697e+01
1.935865455081279496e+00 2.301021749243603836e+02 3.965987734140350796e+01
1.944856270810401355e+00 1.822334302791841765e+02 3.982780122953158752e+01
1.948862981184535048e+00 2.441590655831101628e+02 3.990273779897799500e+01
1.949984251577269401e+00 2.622807969358154878e+02 3.992371992067459985e+01
1.959289725907742863e+00 2.577394539414294172e+02 4.009804128752860919e+01
1.969854996079683840e+00 1.462017722754499118e+02 4.029637242287223131e+01
1.975608772304752403e+00 1.912583260962224472e+02 4.040456503309272307e+01
1.980170572567564236e+00 2.340029141875165806e+02 4.049043542975667975e+01
1.983510519445255138e+00 1.985973207145371475e+02 4.055335710446851749e+01
