7.170431186432391080e-02 6.070140034716995103e+01 6.980816288065192055e+00
7.241793364978299508e-02 7.360253045407577588e+01 6.983337702193735730e+00
7.663690056260974437e-02 7.241129081469824769e+01 6.998294389403809213e+00
7.679923990761161612e-02 7.610707988613056330e+01 6.998871606628313202e+00
7.687070645351501419e-02 5.896637910167109453e+01 6.999125754683615419e+00
7.748765171510774152e-02 6.889311054186194383e+01 7.001320743241930877e+00
7.930533257232830202e-02 6.556963402964419174e+01 7.007798362884416932e+00
8.036245939828323692e-02 6.509985391048459746e+01 7.011572903515226329e+00
8.354315650784749359e-02 8.216485658418795879e+01 7.022962093497625347e+00
8.377430048038791988e-02 7.924829782893060326e+01 7.023791644847661608e+00
8.529656527982498737e-02 6.711146675870351430e+01 7.029261284139460386e+00
8.553793642985474399e-02 7.306976164259558004e+01 7.030129572336858423e+00
8.687158441659570407e-02 7.334437783599568661e+01 7.034932152592145549e+00
8.828880097144797823e-02 6.948491021696703740e+01 7.040044999162136108e+00
8.894734479618082723e-02 6.765140483630737833e+01 7.042424076556315526e+00
8.926649092612404246e-02 6.592042342665230592e+01 7.043577780770634789e+00
9.080198492427316026e-02 7.170355288262963711e+01 7.049135357449745953e+00
9.212998611666733950e-02 6.461314020081672993e+01 7.053951023538598264e+00
9.363603870734094059e-02 7.670061403994171201e+01 7.059422547701682760e+00
9.467142302436637458e-02 6.918492948924529173e+01 7.063190408507719731e+00
9.531409610710728231e-02 6.989878727396394709e+01 7.065531731529112847e+00
9.742088743945465090e-02 6.901973408653672948e+01 7.073220813031046106e+00
9.752491489032055760e-02 6.435220718807789808e+01 7.073601027189408086e+00
1.006221626024104143e-01 7.650232064206706184e+01 7.084944934745582401e+00
1.021575311718816437e-01 6.885599464688979765e+01 7.090585298882029264e+00
1.032091390566309830e-01 7.574733712285298282e+01 7.094454991925463361e+00
1.047887624946874929e-01 6.856607380548869912e+01 7.100277570412953487e+00
1.048055481128571387e-01 7.446275243629230545e+01 7.100339506935677392e+00
1.056697797326908717e-01 7.647422910708731081e+01 7.103530210429821246e+00
1.061441104301699134e-01 5.541719637117736141e+01 7.105282929081361054e+00
1.086635532187263387e-01 5.267613275866136036e+01 7.114610573669131632e+00
1.092496965801792452e-01 7.455312515386144412e+01 7.116784961919056407e+00
1.111489655751189964e-01 5.987670509058387580e+01 7.123841813837912262e+00
1.129388742967338821e-01 6.338966920371930058e+01 7.130508024688386293e+00
1.135628323274615603e-01 6.420688506094657555e+01 7.132835428413897283e+00
1.149135243989503063e-01 5.513436503328566118e+01 7.137879930798138872e+00
1.162878337237958082e-01 8.252195059690021139e+01 7.143021528197007086e+00
1.165011217455642623e-01 6.322781903549886806e+01 7.143820289822213176e+00
1.172351845089225630e-01 7.281305750175336300e+01 7.146570997919788226e+00
1.172978628046894567e-01 7.853599215484631202e+01 7.146805986904823271e+00
1.173087256423317459e-01 6.013259412105068691e+01 7.146846714974113723e+00
1.174328221933780281e-01 6.809686678804803250e+01 7.147312030269103111e+00
1.180189044256503283e-01 7.014494708344597029e+01 7.149510605030487298e+00
1.184355513322390419e-01 7.302053116074361583e+01 7.151074566628071949e+00
1.188750362605714983e-01 8.305545804391363163e+01 7.152725147231132397e+00
1.205429282214081077e-01 7.564719796544638086e+01 7.158997608768892462e+00
1.208291388836177926e-01 6.700987549356068484e+01 7.160075290278695270e+00
1.235347536432540583e-01 8.273626351081880159e+01 7.170282036264699066e+00
1.288942085391491243e-01 7.413269584832038106e+01 7.190602521066075781e+00
1.288989298907625702e-01 6.867870430634123124e+01 7.190620482062735519e+00
1.290863853341597256e-01 8.463552939025966282e+01 7.191333686429016048e+00
1.292378214778109324e-01 7.384797347228092690e+01 7.191909970870203672e+00
1.311105302855366528e-01 6.146382981337242057e+01 7.199045449098271376e+00
1.319646688772289078e-01 8.535315439950554151e+01 7.202305427436279217e+00
1.324321807696910991e-01 8.429341100665538988e+01 7.204091232273334811e+00
1.348973694734818540e-01 7.468444355518789735e+01 7.213524839504597885e+00
1.363917179856408701e-01 7.462177344970380943e+01 7.219257263986026629e+00
1.367507851498375171e-01 7.983933620691531985e+01 7.220636239772133536e+00
1.370979130936886836e-01 8.087652111932185051e+01 7.221969941602221610e+00
1.377531135045457766e-01 5.349983757026224396e+01 7.224488837986976719e+00
1.379822542953290654e-01 6.708940244227406424e+01 7.225370239771979897e+00
1.380533150828395783e-01 7.806835414127800732e+01 7.225643628999804946e+00
1.418888213107056817e-01 8.103245425865063112e+01 7.240435105834471585e+00
1.420055153196089215e-01 7.148662391992603204e+01 7.240886217435235750e+00
1.429847010326028567e-01 6.465889503349254142e+01 7.244674044105638089e+00
1.453883472671850807e-01 8.304564461411459320e+01 7.253991298250513253e+00
1.471589964801669481e-01 7.058762753984565563e+01 7.260872240238450459e+00
1.484789341475825086e-01 6.512657642026715621e+01 7.266011249628703261e+00
1.489215130056109615e-01 7.414145817425492169e+01 7.267736205831084817e+00
1.508987182573118258e-01 7.640503720157668965e+01 7.275453615948639374e+00
1.513461544522181068e-01 8.451259097869670711e+01 7.277202590490595924e+00
1.535287313550983690e-01 5.903123440347840045e+01 7.285747483829005944e+00
1.535356087021695348e-01 8.232256705975719058e+01 7.285774444273672046e+00
1.540429789073523015e-01 7.690911795387606276e+01 7.287764038747969408e+00
1.564711008817070148e-01 7.151091916212972421e+01 7.297302341390552449e+00
1.574030030233128929e-01 7.699362480781458373e+01 7.300970430863102045e+00
1.638170712822537567e-01 7.518487013723616030e+01 7.326327253249047544e+00
1.662239314099112075e-01 7.496599462474648590e+01 7.335891924270391939e+00
1.677239950975579763e-01 8.026387829829015175e+01 7.341866732218209179e+00
1.709762790459914417e-01 8.636846813771532538e+01 7.354856726404088718e+00
1.716201077510268735e-01 7.265684184829235903e+01 7.357434095364851601e+00
1.743225500073948275e-01 8.071230163600006335e+01 7.368273535136591335e+00
1.753528505274351001e-01 7.897368505251533577e+01 7.372414995676412452e+00
1.765066192173028181e-01 6.949678567180716016e+01 7.377058614989967289e+00
1.773407266377882152e-01 6.818164814951931874e+01 7.380419534042355068e+00
1.841566158714407209e-01 8.638845722673849536e+01 7.408004241049235716e+00
1.843800269569968453e-01 9.296474436571051569e+01 7.408912058900961384e+00
1.848504579095990863e-01 7.381987143690474795e+01 7.410824383664476045e+00
1.900014731123795819e-01 7.166953257503486441e+01 7.431830540635167459e+00
1.940332453567161775e-01 6.061050144720771016e+01 7.448357948087246605e+00
1.941259691174850310e-01 9.424143840911537495e+01 7.448738932809312097e+00
1.949465192571171457e-01 7.350591750385871137e+01 7.452112150201763541e+00
1.964068552752618046e-01 7.535500696120617192e+01 7.458123160587305733e+00
1.967257622026354902e-01 7.545543091513204104e+01 7.459437148275184448e+00
1.995982734702266281e-01 7.664554146106935661e+01 7.471293841305142180e+00
2.008342246771501749e-01 8.588704578359960351e+01 7.476407097697138404e+00
2.018405334659487682e-01 8.568508109646376170e+01 7.480575492875293442e+00
2.020691450928819854e-01 8.008452992811108118e+01 7.481523111756459343e+00
2.035254152673133810e-01 8.585505290615597573e+01 7.487565145346123607e+00
2.072437695981883543e-01 7.768360756906332654e+01 7.503036734341208103e+00
2.083210739216099228e-01 6.692571001430579258e+01 7.507531119835357813e+00
2.101385047102761749e-01 7.788081979320566006e+01 7.515125293157071340e+00
2.110149156851057750e-01 6.155427301772277815e+01 7.518792807971029113e+00
2.117381064181067529e-01 7.372956846816705934e+01 7.521821793374084741e+00
2.158431986081428278e-01 7.865407580533687337e+01 7.539060793971188446e+00
2.175854095747056238e-01 7.138467785269990884e+01 7.546400371381327687e+00
2.186826548011080451e-01 7.774261553817765957e+01 7.551029960516967066e+00
2.197184631312638636e-01 9.126812009283719362e+01 7.555405376382556604e+00
2.197648863694086074e-01 6.163532680123580576e+01 7.555601590093390385e+00
2.216752348260571104e-01 7.177054606815640625e+01 7.563684452048498486e+00
2.248729530248347874e-01 7.137062387150943721e+01 7.577251547195892556e+00
2.257024174622879187e-01 8.386415324101693614e+01 7.580778362905042478e+00
2.263223037502655188e-01 7.597108056049390257e+01 7.583416115096664356e+00
2.285422435371777805e-01 7.610187337746960168e+01 7.592876793753347009e+00
2.301019214759589815e-01 6.322973290400557289e+01 7.599537053592595903e+00
2.304727564580686394e-01 8.218654904316933596e+01 7.601122249655006158e+00
2.342341172008668426e-01 7.140481907396080885e+01 7.617236113167830780e+00
2.344308157575196727e-01 6.665614166883207758e+01 7.618080546941763842e+00
2.347287991441160404e-01 8.088053993237346617e+01 7.619360134375082971e+00
2.366990120029430766e-01 7.535232916333022501e+01 7.627830670039881689e+00
2.368656374188060632e-01 6.651410762870288806e+01 7.628547849649066848e+00
2.384181345512426109e-01 7.883083314813470110e+01 7.635236065085384105e+00
2.392457335105646621e-01 8.151040791100565741e+01 7.638805852542144947e+00
2.397152183233264289e-01 7.754803985076931383e+01 7.640832319211900092e+00
2.409479700855758910e-01 7.896236224969713646e+01 7.646158070603561896e+00
2.422147139439279062e-01 7.381564333384132226e+01 7.651637835667151499e+00
2.427486239291205550e-01 6.960863337243897320e+01 7.653949632305530493e+00
2.430945027150148707e-01 8.938642981893184469e+01 7.655447953330081212e+00
2.452926843238807386e-01 8.186965221324135200e+01 7.664982942977957237e+00
2.476121944638685068e-01 7.134959824891382141e+01 7.675067866937749450e+00
2.487340316076305236e-01 7.758350952004489898e+01 7.679954172798217904e+00
2.507459676343493093e-01 8.607578218444238871e+01 7.688731624964262323e+00
2.522652433105820879e-01 7.481471749603001342e+01 7.695371832392287281e+00
2.539995060008810590e-01 7.662781626556710535e+01 7.702964364807154851e+00
2.550356890049307879e-01 7.980109076198341711e+01 7.707507186365099017e+00
2.558077611659104189e-01 7.396051082325379866e+01 7.710895233249660308e+00
2.588023374404846422e-01 6.325674501355858581e+01 7.724061513313664307e+00
2.606908145402089261e-01 7.033912687376654560e+01 7.732385284160476324e+00
2.639193276210938244e-01 8.563184598661440816e+01 7.746652495100434521e+00
2.649313352698074997e-01 6.990843451914805939e+01 7.751134291400378018e+00
2.693390854901605014e-01 8.044298158158176193e+01 7.770707934652221205e+00
2.719410073896366686e-01 8.300590344395263287e+01 7.782303090958143876e+00
2.725394872863569073e-01 8.614464609526814343e+01 7.784974416211493775e+00
2.740011871846419478e-01 7.613521273807636192e+01 7.791505447905071158e+00
2.740188377947636589e-01 8.075575080053056354e+01 7.791584370877245647e+00
2.757981832273810330e-01 6.618035787568898343e+01 7.799547657198923289e+00
2.768950430624645964e-01 7.745726168035432124e+01 7.804463565448601869e+00
2.777182658193386722e-01 7.576208999225262630e+01 7.808156601433568156e+00
2.787735188296232014e-01 7.244573732646195197e+01 7.812894947452235783e+00
2.790056447000890394e-01 7.621812449332252015e+01 7.813937913762055487e+00
2.804828028761683356e-01 7.720517049614632299e+01 7.820580550433567701e+00
2.813820265523070407e-01 7.535657156301623161e+01 7.824629015530330634e+00
2.827520325465884277e-01 5.776780699299175126e+01 7.830803923531952648e+00
2.838494445919856890e-01 9.493685242707610428e+01 7.835756196668076434e+00
2.843574667738353323e-01 8.375397183525367950e+01 7.838050547485392094e+00
2.846028682048979963e-01 7.715736402328489874e+01 7.839159249227321880e+00
2.865073491957628171e-01 8.931775819830330931e+01 7.847772591607657944e+00
2.875132315183517306e-01 7.906059127645514195e+01 7.852328346956160665e+00
2.890236416740550318e-01 8.104805394550952258e+01 7.859177572503083020e+00
2.890968398824766972e-01 8.216530493358521881e+01 7.859509759175920429e+00
2.916224818537274110e-01 7.250380964234186365e+01 7.870986079708433891e+00
2.925251149470471379e-01 7.823244522235620479e+01 7.875094407085062365e+00
2.938859936506030834e-01 6.763349387230958598e+01 7.881295232016547025e+00
2.944100008558672155e-01 7.773507909964092732e+01 7.883685041739489918e+00
2.993077605902783045e-01 7.467012450898411657e+01 7.906080469111683051e+00
3.035695678506009632e-01 7.527851143799523470e+01 7.925653798867273281e+00
3.054281409519239432e-01 8.484149809114809671e+01 7.934214693359341375e+00
3.058562337915584628e-01 7.741465985700676811e+01 7.936188706103293633e+00
3.063938327919863980e-01 6.930908898668009499e+01 7.938668809178207830e+00
3.074036131427289043e-01 7.734958135879163876e+01 7.943330647730611815e+00
3.091665144571489332e-01 9.810216896419211707e+01 7.951480112257485189e+00
3.108034824547116770e-01 7.336886027894148299e+01 7.959059595201307680e+00
3.118387502884636397e-01 8.027649446008236112e+01 7.963859136970852681e+00
3.133528008508854601e-01 6.903257329198918058e+01 7.970886767008083851e+00
3.155232926942594940e-01 8.310953136710136846e+01 7.980978799037124816e+00
3.173990999706468585e-01 8.153068544210702839e+01 7.989717204116600691e+00
3.193828561628884177e-01 8.381688770086198303e+01 7.998975167892266036e+00
3.256216883213389757e-01 8.051950859975818275e+01 8.028202656997821762e+00
3.258377787714972218e-01 7.882731373241824713e+01 8.029218020118030097e+00
3.307506621165292593e-01 8.066422020893853073e+01 8.052357230113072362e+00
3.325123401271863344e-01 9.716577076450391814e+01 8.060680019561571541e+00
3.363838819921232126e-01 6.033504672412079373e+01 8.079017676879512777e+00
3.371449474232475207e-01 8.425183824490672180e+01 8.082630092601283067e+00
3.407419654233594386e-01 7.325658678841837457e+01 8.099737212281153731e+00
3.470141665398323028e-01 8.021027313391086011e+01 8.129700442065660226e+00
3.476758677213496185e-01 7.256633075748156614e+01 8.132871337605164896e+00
3.481086367826380368e-01 9.151735165674509176e+01 8.134946197957992453e+00
3.481704238758538406e-01 8.599885855398750323e+01 8.135242494418056580e+00
3.507359053713210439e-01 8.389581532615744663e+01 8.147559555862178726e+00
3.550009353127561162e-01 8.880246723631141492e+01 8.168098615990603051e+00
3.552316009490030790e-01 8.035472505114469755e+01 8.169211646485903699e+00
3.580091267489273754e-01 8.746843321710170471e+01 8.182631871458925232e+00
3.583334897862808788e-01 9.808429565348311030e+01 8.184201248920201621e+00
3.655079506771370390e-01 8.121812041803430304e+01 8.219028257396006509e+00
3.664639237332654176e-01 9.009154158151298475e+01 8.223685364597452363e+00
3.674651577714664885e-01 7.257141257123797118e+01 8.228567123858070431e+00
3.687131418678324390e-01 9.445542915094782188e+01 8.234657927023842916e+00
3.703385397663099265e-01 8.224831300674354395e+01 8.242600603129691450e+00
3.709197988347967545e-01 8.831580527233560929e+01 8.245443703186770890e+00
3.738178589069187652e-01 7.589093714163246318e+01 8.259640262419205570e+00
3.772610254296149268e-01 6.413324771072008446e+01 8.276553252927840276e+00
3.789522967979546131e-01 7.351918783437139382e+01 8.284879182241327911e+00
3.814396080025113100e-01 8.041704298113904770e+01 8.297145826720958794e+00
3.883191637407339414e-01 7.529843059963587848e+01 8.331209188083368744e+00
3.926735747066263382e-01 8.913204548087475132e+01 8.352872197585840652e+00
3.941275537058612777e-01 8.413112683310497175e+01 8.360123356802267480e+00
3.951333068418592109e-01 7.815725099799655595e+01 8.365144333577926972e+00
3.954002116075168161e-01 8.125219092277190214e+01 8.366477500060852890e+00
3.964738265658014349e-01 8.187835453919410611e+01 8.371843120446165187e+00
4.007059498545657572e-01 8.561109836851277066e+01 8.393040904246824141e+00
4.007971301397348363e-01 7.683827933551978617e+01 8.393498427943667295e+00
4.032336570936738696e-01 1.062730859288852656e+02 8.405737231743499294e+00
4.086840066116912418e-01 8.151750187615448340e+01 8.433203959766586877e+00
4.090622935727332710e-01 8.312376917004817756e+01 8.435114890564086920e+00
4.098865297132427976e-01 9.193219525157506666e+01 8.439280604423784027e+00
4.142769954902629781e-01 9.551830396867740092e+01 8.461517544252000533e+00
4.155646170414657448e-01 8.748514660316671154e+01 8.468054238344407736e+00
4.172083518262967861e-01 8.412523801982216298e+01 8.476408712799596401e+00
4.178669451858214590e-01 8.427907479636458277e+01 8.479759219201751463e+00
4.228764314612780684e-01 1.008393539011536575e+02 8.505302820073236347e+00
4.245654808115750800e-01 7.872803912204858534e+01 8.513938639380009832e+00
4.269076227978461091e-01 8.235858704694362586e+01 8.525933001803705835e+00
4.311230964680878852e-01 8.076609447184648616e+01 8.547577586782706405e+00
4.334373926594763393e-01 8.042466176413941525e+01 8.559491406755475040e+00
4.358243785399440462e-01 1.039124452457191410e+02 8.571802361705731954e+00
4.366567427094865117e-01 8.593514995924610389e+01 8.576100776713440510e+00
4.367523822193224436e-01 7.833638697962625486e+01 8.576594850148898885e+00
4.385083382622434467e-01 8.280118622116141580e+01 8.585672743950178543e+00
4.429931874685189008e-01 7.787330177467563885e+01 8.608915398974785305e+00
4.445462803973545540e-01 9.988345323221605554e+01 8.616983346455864279e+00
4.532129202467662932e-01 8.662692837394895662e+01 8.662184074376186871e+00
4.535600976096096915e-01 8.261963961492925534e+01 8.664001105226011745e+00
4.554504672031181034e-01 7.352251316063390618e+01 8.673903321028982205e+00
4.557821868148013156e-01 8.810002428125139318e+01 8.675642436744356090e+00
4.587885185299367397e-01 7.960780057089949935e+01 8.691424049649745243e+00
4.621864744804591307e-01 8.718611869813764770e+01 8.709305295592702834e+00
4.640799907259858248e-01 8.245186786267657908e+01 8.719289789744710362e+00
4.671475360900465557e-01 9.325539181366936248e+01 8.735495471772127374e+00
4.673794207367818476e-01 7.886340003508801999e+01 8.736722040208965367e+00
4.689906321527561595e-01 9.460916515275339123e+01 8.745250592577390236e+00
4.702318068085815650e-01 8.650291205764506230e+01 8.751827533079268306e+00
4.833484551909925653e-01 8.212253049492510115e+01 8.821707992629926665e+00
4.840647655029297614e-01 9.742478651974832360e+01 8.825543932501103583e+00
4.844357023297756193e-01 9.693751930696298302e+01 8.827531150170521812e+00
4.844957691275515455e-01 9.372196777899461040e+01 8.827852997022437975e+00
4.849392306146522724e-01 8.134860444481336117e+01 8.830229572575928998e+00
4.891279047635759269e-01 8.871179614406537439e+01 8.852715738235088949e+00
4.924542212612668113e-01 9.402273707921682444e+01 8.870621936988838385e+00
4.929504030021740757e-01 8.537712845774520076e+01 8.873296724317709661e+00
4.931045133902458577e-01 8.824903999288478929e+01 8.874127691305220722e+00
4.969772271750967363e-01 1.065936080679414175e+02 8.895040207259910403e+00
4.995674305317816533e-01 8.978451089178149402e+01 8.909060176306729417e+00
4.996366655227653109e-01 9.269897151801828272e+01 8.909435285977220786e+00
4.997461370135776182e-01 8.153558544999951607e+01 8.910028432252172337e+00
5.016883786523305133e-01 8.850899381303906921e+01 8.920559853978314635e+00
5.024204619148147088e-01 8.453931711395691195e+01 8.924533275177644498e+00
5.031028414431579776e-01 8.711561237596922069e+01 8.928238820635831630e+00
5.036281691082018508e-01 9.919719943553019448e+01 8.931092767217121420e+00
5.071887268120724990e-01 8.918663785327109395e+01 8.950464710428581938e+00
5.082782262159462050e-01 8.096663798377349508e+01 8.956402272533098952e+00
5.088590809647701718e-01 8.396056705760157968e+01 8.959569716458394950e+00
5.113812412980491828e-01 9.214285975649838178e+01 8.973338535068206667e+00
5.116596956709325017e-01 9.413157179504189287e+01 8.974860178309615577e+00
5.117779294107722698e-01 9.502223731733251100e+01 8.975506370556116664e+00
5.119972679243274261e-01 8.819260388661977856e+01 8.976705283220805853e+00
5.121359834886169971e-01 8.588356760065795470e+01 8.977463604676980680e+00
5.170555021430225384e-01 9.043729866159431197e+01 9.004405814813342346e+00
5.176282255516453379e-01 6.873756712440174965e+01 9.007548512344838443e+00
5.201488250465704510e-01 7.584538282848869528e+01 9.021394918686512554e+00
5.232862772990520828e-01 6.831720115739884136e+01 9.038664340959620347e+00
5.254465724414392191e-01 8.812788111315450124e+01 9.050577396047108536e+00
5.261322255458071862e-01 8.309533817170110126e+01 9.054362241587492477e+00
5.278041962307720159e-01 9.025288914075544255e+01 9.063599242002046807e+00
5.280756039622254150e-01 8.710409348308192534e+01 9.065099685774649529e+00
5.317939736176724441e-01 9.295183048737106901e+01 9.085684872736145223e+00
5.374304227560644520e-01 9.416541691682795090e+01 9.116990308596168546e+00
5.377084897832355992e-01 9.882715661751632297e+01 9.118537885486038164e+00
5.428757451136436707e-01 8.316879045247829083e+01 9.147350145507228802e+00
5.460397924207485154e-01 9.126783211095386150e+01 9.165043154147962667e+00
5.463818745127440035e-01 7.338759159001206456e+01 9.166958333640002010e+00
5.473621856084667225e-01 9.271662290320657007e+01 9.172449176400107262e+00
5.473776427592995653e-01 8.632011376304718908e+01 9.172535783198339843e+00
5.497533978545530164e-01 8.281069181375822552e+01 9.185858041335420054e+00
5.554702663575932231e-01 8.262855306636701869e+01 9.218004053728821034e+00
5.557502676414287635e-01 1.110008690417520540e+02 9.219581698323557006e+00
5.560366843033301976e-01 8.613742992646878349e+01 9.221195798085464190e+00
5.586798014362690523e-01 8.674565726576307156e+01 9.236105774594566498e+00
5.598582901994344496e-01 1.004360405872828750e+02 9.242762242150105223e+00
5.605908264776235939e-01 8.561272879573536443e+01 9.246902486088526274e+00
5.650207771725646033e-01 7.908481371154702799e+01 9.271983550042026678e+00
5.663538543059369879e-01 9.936977348739678462e+01 9.279545560279284899e+00
5.668361854987005177e-01 9.162994436502778228e+01 9.282283284344069685e+00
5.673244786458129241e-01 9.135900765887272712e+01 9.285055743053460375e+00
5.679468817294794913e-01 1.028913031022124898e+02 9.288590963023670710e+00
5.684172839429635360e-01 8.721340087330467838e+01 9.291263794775611373e+00
5.700633853650296512e-01 8.638638974570061180e+01 9.300623532463548671e+00
5.722923613335750836e-01 9.374258728227414394e+01 9.313313763323087358e+00
5.724598535061322657e-01 8.921698868103305813e+01 9.314268101965103241e+00
5.731994858257611902e-01 9.000521253298103375e+01 9.318483648406134634e+00
5.743767023932395688e-01 1.054869740446971207e+02 9.325197455096384758e+00
5.766693785344638723e-01 7.635980980578449362e+01 9.338287802097980261e+00
5.772989944208739566e-01 9.543087870728065525e+01 9.341886132564601652e+00
5.807382126886735385e-01 8.733675067495707367e+01 9.361567904225523762e+00
5.842499446090902993e-01 9.625369740487893466e+01 9.381710329920412761e+00
5.869441001969437632e-01 9.838439297333513878e+01 9.397194565118446974e+00
5.904547858705972985e-01 9.880968493164014887e+01 9.417412279842602985e+00
6.040742333175808110e-01 9.982649914862724927e+01 9.496278516956538240e+00
6.061595239117958389e-01 8.422534198408256145e+01 9.508414381324231002e+00
6.073137066737077649e-01 9.405815222259968778e+01 9.515138323338465653e+00
6.078180123726846240e-01 1.072304258257109097e+02 9.518077805646450784e+00
6.114849641334385577e-01 8.653042659285580385e+01 9.539479761151532955e+00
6.159145372657814921e-01 9.748016677267906971e+01 9.565398564002482118e+00
6.179970425158018976e-01 1.053685959569426700e+02 9.577608795327314795e+00
6.186583999097501341e-01 9.488145511880716754e+01 9.581489813668513378e+00
6.244748286122121517e-01 7.577552002571195544e+01 9.615690955868743117e+00
6.244852166674650373e-01 7.503246654757717238e+01 9.615752149007221306e+00
6.315515898099253178e-01 1.074129588820419201e+02 9.657469157871709342e+00
6.330182608799272970e-01 1.161082729656902899e+02 9.666150518848020567e+00
6.330823843057373779e-01 9.958469851435124554e+01 9.666530249254414286e+00
6.333550342388314380e-01 9.194733037841399437e+01 9.668145012324540488e+00
6.369535303376285817e-01 9.191879764650406059e+01 9.689482248391843910e+00
6.378821185279071049e-01 8.653829876812515920e+01 9.694995904594335911e+00
6.396075909486675926e-01 1.184381532421227092e+02 9.705249475122126768e+00
6.415090630774265001e-01 9.426202862623689782e+01 9.716561366997622073e+00
6.442958293983438445e-01 1.104334294237385734e+02 9.733163441200517241e+00
6.490666593277119034e-01 1.037353062177067073e+02 9.761650382870113773e+00
6.499741276891595199e-01 9.702800312700682639e+01 9.767078191337034809e+00
6.518710790383239750e-01 7.975422493069481789e+01 9.778433899322342526e+00
6.586924368405489005e-01 9.927361151431624364e+01 9.819374987920440390e+00
6.588375586423782515e-01 1.179074054951466337e+02 9.820247800198117716e+00
6.622781498453937932e-01 9.095164741413827869e+01 9.840962688750330756e+00
6.651172139304999398e-01 1.085966726239752660e+02 9.858087683027385140e+00
6.700028033242304559e-01 8.313026801511270492e+01 9.887624182514507254e+00
6.729683157186181486e-01 1.019520027960112571e+02 9.905593861050782323e+00
6.775480404822633584e-01 1.126153435419952586e+02 9.933406037014613332e+00
6.787932885520933102e-01 9.699162829944114605e+01 9.940981095734468198e+00
6.795172900896868651e-01 9.715625938067086054e+01 9.945387834726460596e+00
6.798313365653152474e-01 9.610156776376192056e+01 9.947299897838048466e+00
6.802383433888605779e-01 1.026679434111585039e+02 9.949778464248232979e+00
6.807819220774866675e-01 1.134357479626750376e+02 9.953089627801890771e+00
6.812470604749720771e-01 9.079988637269954665e+01 9.955923804817166101e+00
6.816651458383105044e-01 1.006982803740984167e+02 9.958471928488137337e+00
6.831443605123912466e-01 1.039765749858488135e+02 9.967492300795059990e+00
6.832795176273236404e-01 1.157698900661960550e+02 9.968316883558422603e+00
6.867855048979063515e-01 9.692649922824978148e+01 9.989729051676478733e+00
6.879001975235738975e-01 1.163494206271828943e+02 9.996545867495317594e+00
6.882334578830973104e-01 1.013266235504895860e+02 9.998584741024428624e+00
6.893014647239903425e-01 1.017724685921181589e+02 1.000512138588025302e+01
6.909799767558590933e-01 8.648283004907186466e+01 1.001540264691792537e+01
6.910577995633178094e-01 9.593944933704268863e+01 1.001587956815639302e+01
6.925305293521426542e-01 1.090774261117165480e+02 1.002490888601677987e+01
6.951762507596170870e-01 8.562522866161333468e+01 1.004114886185610445e+01
6.959228282471363602e-01 1.080691111151005970e+02 1.004573592666795356e+01
6.970945127986938328e-01 9.412963696736296981e+01 1.005293882139922346e+01
7.038334092300224665e-01 1.007847100894611998e+02 1.009445877494647448e+01
7.045262605175972581e-01 9.707092655285069327e+01 1.009873654498267825e+01
7.139538518428272251e-01 1.106075000920180855e+02 1.015710916602225744e+01
7.153913284241029125e-01 1.131902486198855797e+02 1.016603654322672412e+01
7.159810115237779105e-01 1.193071689962726509e+02 1.016970080138899846e+01
7.211971368355782896e-01 9.482382606320091156e+01 1.020216563818588185e+01
7.252470929913874542e-01 8.912382280972279602e+01 1.022743677199951051e+01
7.385036509379143688e-01 9.652518500046400618e+01 1.031054804624651489e+01
7.398584364974829519e-01 1.104222064459119963e+02 1.031907552145305118e+01
7.400083752300530282e-01 1.122935842227949479e+02 1.032001966936297066e+01
7.412975758582327490e-01 9.653502684525824407e+01 1.032814077495627636e+01
7.430558478056534799e-01 8.974483254585551606e+01 1.033922580695412918e+01
7.470798519489940670e-01 9.516068873420806540e+01 1.036463456968957075e+01
7.483445516101658868e-01 1.054139658382040068e+02 1.037263157451106643e+01
7.516377150334485613e-01 1.108959413024196721e+02 1.039348039634134402e+01
7.557334540698652514e-01 9.821300419243848978e+01 1.041946128926833204e+01
7.557865436140096538e-01 1.119470541614270473e+02 1.041979842797103117e+01
7.572936619742010045e-01 1.107256575719036391e+02 1.042937315330096837e+01
7.589994041671304092e-01 1.145486919677331343e+02 1.044021894362908398e+01
7.597188776578200908e-01 9.701227831019461689e+01 1.044479657277567419e+01
7.606160364958505227e-01 9.681670881638557091e+01 1.045050715299981903e+01
7.684438283852188523e-01 9.488766819294140475e+01 1.050044684289813546e+01
7.734959795385878412e-01 1.101638715119377423e+02 1.053278717976490064e+01
7.785217739612160237e-01 1.125836156528115595e+02 1.056504307366197182e+01
7.800163848037411363e-01 1.136934052332270255e+02 1.057465176637586524e+01
7.823755298993106955e-01 8.607222245730739019e+01 1.058983352239866349e+01
7.840824959609706823e-01 1.001112678735681669e+02 1.060082981309730243e+01
7.914998276492275497e-01 1.093854399447135108e+02 1.064872409645673557e+01
7.934777011605478325e-01 1.165469592462614514e+02 1.066152599843388415e+01
7.934863315404039330e-01 1.101078316423234327e+02 1.066158188726940992e+01
7.958513784094396470e-01 1.146786672985955846e+02 1.067690674362480152e+01
7.963813130930177397e-01 9.823880990932775603e+01 1.068034309489314460e+01
7.971357292414429363e-01 8.994609987705855758e+01 1.068523668205321542e+01
7.973512782262299758e-01 8.955197024161739705e+01 1.068663520264952460e+01
8.025727483535280982e-01 1.077047651164467794e+02 1.072055955951434747e+01
8.056567818779334367e-01 8.936395216200347136e+01 1.074063870159079137e+01
8.088565977789781147e-01 1.226369463574592800e+02 1.076150448234750279e+01
8.146226826421436584e-01 9.886688303216925533e+01 1.079918890342008098e+01
8.147498751787161098e-01 1.167915062463850830e+02 1.080002139235214997e+01
8.177022512057163794e-01 1.076554177435127997e+02 1.081935976462227345e+01
8.209030773051984031e-01 1.141950000270893355e+02 1.084035742574655714e+01
8.214199416901302175e-01 9.968650582660336568e+01 1.084375120479030841e+01
8.219582362733328651e-01 1.176023845293022987e+02 1.084728661487987011e+01
8.254793992918698642e-01 1.026367802162772165e+02 1.087043599388745818e+01
8.282856075434563703e-01 1.020382953387653515e+02 1.088891365111493670e+01
8.293509051907337337e-01 1.217911323974107063e+02 1.089593481540452125e+01
8.333210792539413880e-01 9.999125128843598986e+01 1.092213359625967328e+01
8.348319242258122053e-01 1.062444451140356136e+02 1.093211681318819295e+01
8.426795449016155626e-01 1.287330541203818655e+02 1.098408923672838533e+01
8.445463938800641390e-01 9.811611386326671891e+01 1.099648180623545102e+01
8.524243836505214222e-01 9.526050352007031563e+01 1.104890000468761357e+01
8.542433260757353874e-01 1.073457068866317172e+02 1.106103083486850025e+01
8.583995092594356446e-01 1.289499224366130647e+02 1.108878848048996524e+01
8.589852551643892831e-01 1.067402453453538982e+02 1.109270486318619930e+01
8.591081259782404889e-01 1.112321050840111525e+02 1.109352653311499104e+01
8.607463659316649807e-01 1.008038822355711801e+02 1.110448644228338821e+01
8.610766713366024838e-01 9.533147629032411885e+01 1.110669722992260589e+01
8.616494486170713785e-01 1.206995727157717937e+02 1.111053173819346185e+01
8.703568776135488516e-01 1.094065196528238744e+02 1.116895179346025735e+01
8.725470564527286754e-01 8.824105373849850764e+01 1.118368373079871780e+01
8.767699456657582768e-01 1.062227864712200187e+02 1.121213089242611893e+01
8.769616578671766138e-01 1.127215502282696917e+02 1.121342367237292592e+01
8.774593494399263172e-01 9.260356769618309158e+01 1.121678031124111641e+01
8.888414078641284632e-01 1.135611977772443026e+02 1.129375676173425447e+01
8.912320835599749635e-01 1.180023345338374554e+02 1.130997608223274042e+01
8.925027762176394042e-01 1.126194418782544062e+02 1.131860420333650552e+01
8.974512302675416997e-01 1.061377420522894681e+02 1.135225236552693318e+01
8.975159001016224103e-01 1.237138563673666738e+02 1.135269260496015242e+01
8.998809857561369530e-01 9.809842665930671046e+01 1.136880179216496956e+01
9.015782607193612019e-01 1.166824920858817336e+02 1.138037300479963676e+01
9.019774303144270089e-01 1.082758746032904043e+02 1.138309564457367529e+01
9.083250103257436425e-01 1.215474518490562303e+02 1.142645694785474397e+01
9.087911312188150514e-01 9.270009382750808413e+01 1.142964597890353140e+01
9.124194605543181069e-01 9.482199118657194958e+01 1.145449251315706363e+01
9.142971274309754648e-01 1.090518568443741572e+02 1.146736649674670971e+01
9.166174820714592109e-01 1.248949176822261791e+02 1.148329063168345066e+01
9.168441727721532430e-01 1.091220522331207405e+02 1.148484724870794871e+01
9.176900032053223466e-01 1.227616123520767246e+02 1.149065669985596294e+01
9.190068436599772017e-01 1.192257778914783160e+02 1.149970556139952826e+01
9.198853452233155537e-01 1.273950490225071803e+02 1.150574525962376171e+01
9.199383781894878709e-01 1.154819933526397051e+02 1.150610993670558457e+01
9.219533187234494331e-01 1.170454978066843807e+02 1.151997187866134986e+01
9.223352841817895609e-01 1.302686198420121855e+02 1.152260103674796454e+01
9.224862604552797052e-01 1.300109008681066598e+02 1.152364036463301744e+01
9.225695727593645756e-01 9.997918542387509433e+01 1.152421392027632407e+01
9.240149834008803964e-01 1.178852243597464735e+02 1.153416808024859108e+01
9.246899375111679031e-01 1.172869801396824272e+02 1.153881849061552778e+01
9.310111657164510390e-01 1.350450610572480059e+02 1.158243879999536219e+01
9.341495245908715273e-01 1.047523263848248547e+02 1.160414044907376585e+01
9.352462527815417204e-01 1.074212331087918528e+02 1.161173132580749723e+01
9.358235092723223847e-01 1.250410971235377531e+02 1.161572820224456848e+01
9.393517826018411565e-01 1.164788588699360616e+02 1.164017958140902920e+01
9.446645901618986318e-01 1.190091867413379703e+02 1.167706891156269400e+01
9.466562339357689204e-01 1.172484276921888551e+02 1.169091974970410419e+01
9.587202168903370403e-01 9.550499348036905189e+01 1.177507293939403610e+01
9.602125135459003147e-01 9.916124550774193835e+01 1.178551283919534498e+01
9.603861463718430524e-01 1.268045622469966105e+02 1.178672798208250327e+01
9.604156338160578787e-01 1.206749018194551581e+02 1.178693435440771076e+01
9.668199782614581572e-01 1.193573982097067869e+02 1.183181753729747854e+01
9.693352605909919539e-01 1.096038001074353616e+02 1.184947862213285319e+01
9.705140244710299680e-01 1.242705692579282157e+02 1.185776179368737360e+01
9.721436830265595130e-01 1.096868713554310801e+02 1.186922019170965648e+01
9.727691562973774797e-01 1.145846962519634928e+02 1.187362008883545883e+01
9.737500394657476743e-01 1.191276010437507580e+02 1.188052245480552216e+01
9.752386567175046483e-01 1.116878508848036802e+02 1.189100313345967841e+01
9.762834788911038952e-01 1.195485594149540844e+02 1.189836316992134613e+01
9.820326626636175504e-01 1.220938101179666404e+02 1.193891984175752263e+01
9.826085996272677647e-01 1.167006042097484482e+02 1.194298807027310261e+01
9.844850316410151958e-01 1.119185583144772096e+02 1.195624934690168040e+01
9.951096089311644022e-01 1.319834718791566388e+02 1.203153147803443268e+01
9.961135059078565224e-01 1.072832325799725339e+02 1.203866186663491256e+01
9.965027917875859398e-01 9.417697419350182031e+01 1.204142764462526571e+01
9.985152579425062846e-01 1.212056451431549249e+02 1.205573277614529992e+01
9.999309821928581421e-01 1.180115484495426301e+02 1.206580320262882822e+01
1.001000309357086060e+00 1.134132114459385861e+02 1.207341349309629841e+01
1.004682806770689663e+00 1.294021590039665739e+02 1.209964696216242608e+01
1.005095961835565710e+00 1.189754253945457094e+02 1.210259267196625643e+01
1.006707063026858417e+00 9.048181562605732609e+01 1.211408423511087840e+01
1.006906397012749199e+00 9.574901458651298469e+01 1.211550655725316972e+01
1.011248926024138850e+00 1.217529600308588158e+02 1.214652077711076217e+01
1.011701897574864173e+00 1.249321302939466136e+02 1.214975904076676017e+01
1.012670501224703035e+00 1.119369056219463801e+02 1.215668552111615242e+01
1.015571639441853691e+00 1.173302579558455960e+02 1.217744781618866767e+01
1.017993253554890121e+00 1.168592693594937799e+02 1.219479700470862937e+01
1.018463655060182660e+00 1.180147675644820424e+02 1.219816907286670116e+01
1.022253382938839827e+00 1.261089661815277339e+02 1.222535901241705858e+01
1.022257609422889679e+00 1.225227867096407266e+02 1.222538935906515256e+01
1.022501913167988885e+00 1.358210680086436639e+02 1.222714357598334090e+01
1.027639136622468641e+00 1.268469119370691374e+02 1.226407110694785807e+01
1.030365396015464619e+00 1.198412900925244173e+02 1.228369891761762034e+01
1.032006951195128419e+00 1.455976194574508327e+02 1.229552765422270966e+01
1.033406443043962675e+00 1.174167484150763983e+02 1.230561823333469817e+01
1.033795503201860200e+00 1.424256529302654712e+02 1.230842442218536981e+01
1.037897829115832504e+00 1.060342606662613889e+02 1.233803980936555611e+01
1.039621285327477551e+00 1.235946828980245300e+02 1.235049609518878455e+01
1.042459707334120633e+00 1.463494276771421028e+02 1.237102929416601427e+01
1.043715776932153005e+00 1.318217447830508036e+02 1.238012306346130309e+01
1.044312441682460069e+00 1.301183157573736651e+02 1.238444440923080947e+01
1.047191161252477798e+00 1.442819031179227522e+02 1.240530779231452918e+01
1.047532168788724682e+00 1.517348166914956380e+02 1.240778079101470865e+01
1.048008553840006130e+00 1.195628929905025899e+02 1.241123610612754824e+01
1.048886909300085879e+00 1.250193739281362042e+02 1.241760868433073739e+01
1.049269969770139088e+00 1.206558508322237486e+02 1.242038852262633952e+01
1.050559977517161681e+00 1.274046114327838239e+02 1.242975306937981550e+01
1.054153737476982045e+00 1.195229046981850161e+02 1.245586614823534966e+01
1.056489775457873037e+00 1.122981246468348360e+02 1.247285997162819626e+01
1.064276250465967522e+00 1.151421666438511551e+02 1.252961520697937026e+01
1.064471642107563287e+00 1.164081874055395929e+02 1.253104160876237927e+01
1.070139896232714438e+00 1.150059129994033071e+02 1.257246791188750912e+01
1.070401537774274381e+00 1.598249516795111163e+02 1.257438229557577536e+01
1.071714791146702428e+00 1.262294273215050282e+02 1.258399403798900629e+01
1.071783945373133040e+00 1.144468341717652606e+02 1.258450031420302651e+01
1.073431217167752028e+00 1.248063810929014466e+02 1.259656391537382625e+01
1.077469622678457917e+00 1.084410609165081496e+02 1.262617090262302355e+01
1.084834290913449184e+00 1.232613727984574155e+02 1.268028140419656502e+01
1.090331304506270360e+00 1.381329202439807489e+02 1.272076829423664179e+01
1.093094424785960861e+00 1.400178493648802771e+02 1.274115112274963302e+01
1.094258004918327920e+00 1.246982619599827871e+02 1.274974090026401186e+01
1.097480147939307926e+00 1.314268894866509072e+02 1.277354699629574242e+01
1.100536819314523740e+00 1.480046197722995203e+02 1.279615712910477754e+01
1.107629901571932418e+00 1.598967142132298420e+02 1.284872400926742664e+01
1.109958339609699696e+00 1.121026008161041148e+02 1.286601033344481770e+01
1.110503764676922245e+00 1.438680501620560506e+02 1.287006172718502128e+01
1.111327195253950961e+00 1.241225357976213957e+02 1.287617968459470319e+01
1.115239172434852044e+00 1.532167856282644323e+02 1.290527051310803941e+01
1.121715455206645284e+00 1.239461222477314664e+02 1.295352271369726793e+01
1.123314281686019100e+00 1.478300446755854125e+02 1.296545260835083013e+01
1.124445099907453116e+00 1.458375379845666657e+02 1.297389460531005057e+01
1.128317141855677441e+00 1.439297412115385839e+02 1.300282735067078832e+01
1.129987242438975859e+00 1.159655098061227818e+02 1.301531933140474706e+01
1.132677867417537065e+00 1.310256434920936499e+02 1.303546058679047626e+01
1.133580237485110942e+00 1.188069327107930206e+02 1.304221988474280458e+01
1.138011829932741747e+00 1.438245845571834991e+02 1.307544731374197333e+01
1.141086356622894815e+00 1.411853816483164508e+02 1.309853097635855335e+01
1.145622272328661317e+00 1.150415145335710605e+02 1.313263354615598644e+01
1.147357199621981128e+00 1.212491718100892513e+02 1.314569203275314457e+01
1.149363478035696939e+00 1.196746359490661575e+02 1.316080306375535081e+01
1.163610005619393650e+00 1.384204678114373905e+02 1.326841772186260826e+01
1.164690184631124836e+00 1.272217203439898867e+02 1.327659933786700996e+01
1.170762514424133371e+00 1.328878002598308399e+02 1.332265115272030087e+01
1.184134306476592347e+00 1.243408771654967921e+02 1.342440768442916443e+01
1.184603602238048392e+00 1.430202125206825201e+02 1.342798755392748689e+01
1.184706403814839160e+00 1.404426832411607222e+02 1.342877182012494330e+01
1.187234377356219728e+00 1.421186530307204805e+02 1.344806636539341937e+01
1.187987974980095895e+00 1.195956892642567624e+02 1.345382140923734937e+01
1.189941127212306604e+00 1.288387135233679999e+02 1.346874415494539612e+01
1.190156237472698830e+00 1.459560637851679985e+02 1.347038828686205925e+01
1.194802499918941496e+00 1.092829244569728644e+02 1.350593044934237952e+01
1.197240446003137393e+00 1.412979302669026538e+02 1.352460259805647880e+01
1.198048318729787454e+00 1.277753291743748179e+02 1.353079352231789301e+01
1.200112984516990888e+00 1.394708559963018217e+02 1.354662336060774663e+01
1.201238759451967564e+00 1.085838197516777512e+02 1.355525942530547212e+01
1.204991226033434781e+00 1.477883388130547360e+02 1.358406945910139463e+01
1.209500717381327028e+00 1.402603446378577701e+02 1.361874051025473698e+01
1.211606247366119327e+00 1.345901276746332087e+02 1.363494703310672485e+01
1.212336756853310327e+00 1.369261704870636720e+02 1.364057256366730897e+01
1.212761468548617216e+00 1.457905849106617211e+02 1.364384383820788393e+01
1.214345513737471460e+00 1.413104499667686582e+02 1.365604885242161792e+01
1.215569338493554863e+00 1.252561309808057217e+02 1.366548286757095276e+01
1.216781635282296659e+00 1.488515657014317810e+02 1.367483187168779502e+01
1.219737356519133620e+00 1.223459994030412474e+02 1.369764189810268107e+01
1.220411987412988619e+00 1.373235044031764573e+02 1.370285138095904998e+01
1.225351326014939346e+00 1.590065282285503940e+02 1.374102890393201193e+01
1.229235396461701324e+00 1.498839805389533240e+02 1.377109448104193490e+01
1.229545224192622577e+00 1.354196855190714359e+02 1.377349446208569184e+01
1.230936377506412160e+00 1.276434603978887168e+02 1.378427365097196855e+01
1.231262994086038454e+00 1.570835925884610731e+02 1.378680512816941217e+01
1.231875891425977088e+00 1.387598330918860370e+02 1.379155620107996505e+01
1.233087096406234373e+00 1.371283860193220505e+02 1.380094811008220113e+01
1.233954254427580111e+00 1.252065863397469769e+02 1.380767454687897100e+01
1.236213856892597551e+00 1.561159186300822341e+02 1.382521113730355466e+01
1.236348985995245009e+00 1.716964438593659850e+02 1.382626028144459696e+01
1.240099588318285040e+00 1.433321320531862284e+02 1.385539882318539640e+01
1.247138338363865451e+00 1.216490695622909755e+02 1.391018095877927152e+01
1.248589803968242595e+00 1.724721844721643720e+02 1.392149347256708758e+01
1.248811131857796131e+00 1.485415921031945174e+02 1.392321894580787323e+01
1.257286434458688706e+00 1.431505678048857533e+02 1.398938696492224487e+01
1.258912468868607082e+00 1.335309916167894926e+02 1.400210270000099655e+01
1.259959136532121438e+00 1.374974700738411002e+02 1.401029131028540853e+01
1.263268108846912874e+00 1.370518093220521507e+02 1.403619747586269284e+01
1.265923948579415370e+00 1.372578490856417091e+02 1.405701042700737879e+01
1.266385262152789792e+00 1.615781680111094829e+02 1.406062742339191374e+01
1.267402365801131303e+00 1.266712856817074453e+02 1.406860408756733527e+01
1.270066261356502135e+00 1.206198373535034563e+02 1.408950824111831679e+01
1.272769062265490358e+00 1.316486793202114711e+02 1.411073613139453897e+01
1.282686562005719733e+00 1.497248299797381605e+02 1.418878722888074151e+01
1.287731355981151182e+00 1.423242433943191259e+02 1.422858540106467018e+01
1.290442187174520861e+00 1.263213851534734431e+02 1.424999755033350368e+01
1.290884597734659245e+00 1.433975784979356831e+02 1.425349379308656950e+01
1.291122063380683027e+00 1.123260248306552000e+02 1.425537061866677213e+01
1.297834114359274871e+00 1.117163988095734908e+02 1.430847841219017269e+01
1.305911371959456613e+00 1.421213868593561926e+02 1.437253798877821254e+01
1.306577989632600634e+00 1.368960333911855685e+02 1.437783213279930550e+01
1.309002090954503483e+00 1.379396247062072405e+02 1.439709321983546175e+01
1.326877617804399723e+00 1.194749734346839318e+02 1.453957796202227826e+01
1.332022774635295281e+00 1.752749506951448097e+02 1.458073661873270943e+01
1.336322137955068268e+00 1.556864179828664874e+02 1.461517951342665178e+01
1.339481217722227502e+00 1.338452122711200332e+02 1.464051646205028590e+01
1.341414147696056158e+00 1.740342994246551882e+02 1.465603136895298952e+01
1.343262425347130140e+00 1.700786704765843922e+02 1.467087539856813727e+01
1.344468787231832607e+00 1.805117395779809044e+02 1.468056855361317048e+01
1.346293798788470664e+00 1.291692146572102899e+02 1.469523937184215612e+01
1.347188918486252440e+00 1.684606913766897947e+02 1.470243800688590241e+01
1.353770235841954328e+00 1.451830815189041743e+02 1.475542587316582299e+01
1.353795608990223442e+00 1.505235595303458922e+02 1.475563036408179940e+01
1.359666578960839978e+00 1.537464584258268872e+02 1.480298882786998504e+01
1.361891758078684678e+00 1.538686832146381960e+02 1.482096033023216819e+01
1.362008587700298978e+00 1.385563595795469212e+02 1.482190422996961310e+01
1.363237142620449038e+00 1.262535885418127037e+02 1.483183208829118804e+01
1.373598284527922431e+00 1.717799815213676879e+02 1.491570572842411835e+01
1.374606919790562376e+00 1.458195060828835494e+02 1.492388457134829416e+01
1.376130743233934695e+00 1.518108120304781892e+02 1.493624565873908239e+01
1.381820212342599774e+00 1.722461495188965728e+02 1.498244766780042170e+01
1.387621674506845704e+00 1.412898776810239099e+02 1.502963964902392924e+01
1.389156572643491128e+00 1.389868161635058073e+02 1.504213884942374335e+01
1.389456575605127142e+00 1.493888370990007388e+02 1.504458253899819375e+01
1.391157473196524386e+00 1.484120417424223888e+02 1.505844138400601651e+01
1.392772337465791210e+00 1.536263519591899183e+02 1.507160567398878470e+01
1.397300530623246217e+00 1.510301414989267244e+02 1.510855269346758512e+01
1.397333752424894104e+00 1.626420399621690933e+02 1.510882394300499953e+01
1.397970504122296287e+00 1.355946880745943304e+02 1.511402340828200863e+01
1.399078573069868270e+00 1.448095299609557856e+02 1.512307378443413874e+01
1.404463830522555856e+00 1.632423034080548518e+02 1.516710085026798360e+01
1.410841049221419841e+00 1.600330594273207794e+02 1.521932737168008742e+01
1.412836099710324866e+00 1.916329350579326274e+02 1.523568586113923118e+01
1.414149794288599882e+00 1.362492599983036712e+02 1.524646272786477397e+01
1.417302819251458956e+00 1.555291599945554424e+02 1.527234527197248148e+01
1.420894153046930342e+00 1.484245146257163128e+02 1.530185460900613492e+01
1.422225895645772287e+00 1.400636412213424080e+02 1.531280508368519833e+01
1.433162307158299065e+00 1.712868909135016793e+02 1.540289055397965789e+01
1.433606165639470298e+00 1.559191166624054574e+02 1.540655268312785076e+01
1.434527613818190162e+00 1.726784466913943561e+02 1.541415673217354154e+01
1.438132086854061242e+00 1.481086103000203593e+02 1.544392110694368547e+01
1.444561799140041458e+00 1.616997251796086061e+02 1.549709125589238035e+01
1.445070031824008616e+00 1.642730068066149443e+02 1.550129820629165955e+01
1.445749668646553854e+00 1.300813645331133728e+02 1.550692492156390756e+01
1.446444338605469504e+00 1.488325048738604153e+02 1.551267721789474585e+01
1.447015778531377528e+00 1.611496423695456031e+02 1.551740994326110723e+01
1.455333808556864117e+00 1.243847938293897641e+02 1.558638747524836177e+01
1.466020382171676850e+00 1.424519621170072412e+02 1.567524380753873281e+01
1.467415406239243936e+00 1.361742757850089163e+02 1.568686276216851638e+01
1.480858111297874036e+00 1.587895396926518004e+02 1.579905695018603673e+01
1.482260193559841621e+00 1.980384244541801309e+02 1.581078300918036383e+01
1.487559791141737531e+00 1.677168889894401502e+02 1.585514629921764040e+01
1.487639775758068161e+00 1.406948715720260168e+02 1.585581635299847214e+01
1.488559459042867239e+00 1.558586734809736072e+02 1.586352186162505973e+01
1.489662744180983545e+00 1.573072905017548067e+02 1.587276824258660035e+01
1.489838880031296497e+00 1.667107668424314681e+02 1.587424465694126674e+01
1.495728899037670701e+00 1.649338513425393842e+02 1.592365743718762161e+01
1.497442667515927361e+00 1.454079724291943876e+02 1.593804965471933599e+01
1.507724840808616129e+00 1.358871105324120094e+02 1.602454095005548851e+01
1.509439344693288110e+00 1.691280799628305545e+02 1.603898654481892194e+01
1.511746468629217688e+00 1.749174581717818739e+02 1.605843589043940156e+01
1.511998234308505662e+00 1.506240634788988189e+02 1.606055904354369090e+01
1.514303663202411165e+00 1.595336263358312294e+02 1.608000758263905183e+01
1.514470254459741927e+00 1.582800101452468766e+02 1.608141341264843760e+01
1.518348949351570276e+00 1.642012667979007858e+02 1.611416284451642511e+01
1.520326186792271717e+00 1.745215343489899738e+02 1.613087068585021910e+01
1.521528134646637387e+00 1.505368308206339805e+02 1.614103161130338648e+01
1.523682237026871444e+00 1.806898004627975070e+02 1.615925001109050996e+01
1.524464777668903093e+00 1.372285416075802118e+02 1.616587099214418188e+01
1.527038586953669785e+00 1.386011828484571424e+02 1.618765750146446081e+01
1.528953999607043812e+00 1.897055352245918698e+02 1.620388065463222205e+01
1.529957823573886877e+00 1.522184668031307808e+02 1.621238616537586807e+01
1.530873958677230640e+00 1.509831887985487811e+02 1.622015067482982786e+01
1.545212262179592955e+00 1.544454107653430128e+02 1.634191960920396269e+01
1.559650896112287910e+00 1.762842835214659942e+02 1.646500925071522303e+01
1.566882675003063330e+00 1.505124647789697860e+02 1.652683623155882131e+01
1.570829939474060133e+00 1.856303746206984329e+02 1.656063213010080304e+01
1.571134281580235825e+00 1.745729891023971163e+02 1.656323930798187050e+01
1.576588730665085425e+00 1.582187195143734755e+02 1.661000045097580724e+01
1.577067260659772430e+00 1.724854036873805114e+02 1.661410606688567171e+01
1.580513692174597029e+00 1.629250283926924965e+02 1.664369027608994500e+01
1.583591253315175251e+00 1.607361143167162822e+02 1.667013043287674279e+01
1.583665762636464969e+00 1.827134123495241909e+02 1.667077082356683704e+01
1.587383673743977042e+00 1.992616201895456811e+02 1.670274108270156077e+01
1.588438833912101611e+00 1.651581862735902178e+02 1.671181997771045857e+01
1.592381967138190468e+00 1.499763331372896573e+02 1.674576965389823258e+01
1.601109845945772214e+00 2.069805916781782287e+02 1.682103751853779627e+01
1.604493985392006383e+00 1.809742401924573869e+02 1.685026707363009990e+01
1.607339998115539625e+00 1.640039622891473527e+02 1.687486825350645603e+01
1.610168482878819418e+00 1.875383077152301041e+02 1.689933559049252310e+01
1.613221441200431538e+00 1.840691813855598866e+02 1.692576444495572119e+01
1.618704476434864148e+00 1.558233802910093857e+02 1.697328138915999318e+01
1.620654911740056825e+00 1.806023997974633062e+02 1.699020010345974541e+01
1.621348013778941777e+00 1.808074033197776771e+02 1.699621430473713701e+01
1.623317035799759278e+00 1.679616696576839843e+02 1.701330568810988453e+01
1.627559912011225407e+00 1.802661082107726145e+02 1.705016327296507583e+01
1.628539095992001862e+00 1.764072643981446333e+02 1.705867496814709128e+01
1.631993264621365736e+00 2.068723186548245678e+02 1.708871753628315204e+01
1.632583786078651400e+00 1.406675313315663232e+02 1.709385619184307714e+01
1.637532755460655576e+00 1.445036291676407245e+02 1.713695148077513508e+01
1.639803775216158055e+00 1.894224589740617830e+02 1.715674521915958195e+01
1.642189058734090157e+00 1.650836432147049493e+02 1.717754693522190834e+01
1.648353696974560023e+00 2.150247034219657394e+02 1.723136510429475976e+01
1.649601586230503791e+00 1.577366700865503049e+02 1.724226938864035930e+01
1.651594827132238930e+00 1.756189601702234029e+02 1.725969369129171938e+01
1.651835570196972469e+00 1.511937139252462998e+02 1.726179877601323653e+01
1.653767369634669304e+00 1.834022490906275493e+02 1.727869519268828924e+01
1.654266222246898455e+00 2.268511359032179371e+02 1.728305970177078521e+01
1.658124494743076216e+00 1.844999578376476279e+02 1.731683427219560656e+01
1.660028594194742357e+00 2.096548266605896345e+02 1.733351424427284471e+01
1.661716778680530027e+00 1.916591158223708362e+02 1.734830934026707538e+01
1.661962191832445868e+00 1.620406222966046244e+02 1.735046063087568768e+01
1.665660450700732209e+00 1.394282814540122217e+02 1.738289527617320829e+01
1.670002509389383771e+00 2.005203112901903921e+02 1.742101380641137354e+01
1.670067723538579241e+00 1.841794408381765891e+02 1.742158662462729168e+01
1.672271555552938604e+00 1.703292906338746491e+02 1.744094968831869252e+01
1.676242182875970599e+00 1.505744822466193682e+02 1.747586231010148339e+01
1.678265916436067151e+00 1.878723530079148247e+02 1.749366945559403774e+01
1.679906278414093901e+00 1.997495337970708249e+02 1.750810969955427510e+01
1.684175391776819630e+00 2.126248625703871085e+02 1.754571808624043783e+01
1.693234721982808555e+00 1.864848314936904501e+02 1.762565458310039901e+01
1.702695378855733299e+00 1.574882269916940913e+02 1.770931908023051804e+01
1.706025740650462641e+00 1.744831546933684479e+02 1.773881614933218032e+01
1.706367907274256357e+00 1.864090430507332030e+02 1.774184805905262508e+01
1.707933026408639421e+00 1.770495725722199154e+02 1.775571961599382220e+01
1.709303884381398131e+00 1.686948002888811402e+02 1.776787371724100950e+01
1.710503426695834772e+00 1.777617718350387861e+02 1.777851219356206514e+01
1.711138264067673997e+00 1.643009018979575728e+02 1.778414366044773587e+01
1.712068521872557980e+00 1.692445819636616591e+02 1.779239726288712120e+01
1.713260472376730625e+00 1.819664165854252929e+02 1.780297538200639096e+01
1.715934640492895458e+00 1.779946843013916862e+02 1.782671857697742368e+01
1.716160866076784863e+00 1.503137615733645589e+02 1.782872786522392161e+01
1.716564158421424402e+00 1.717592924202776317e+02 1.783231009184880733e+01
1.722372856919059281e+00 2.344519809925818095e+02 1.788394373496466372e+01
1.722977069250728022e+00 1.677444314155424365e+02 1.788931868257110480e+01
1.732238527001980888e+00 1.972893929596785654e+02 1.797180299263518677e+01
1.736238743897355441e+00 1.828355249526995294e+02 1.800748550947375293e+01
1.736562352176351798e+00 1.624242985602061822e+02 1.801037361241144552e+01
1.740156562994566336e+00 1.739275452752489457e+02 1.804246560267721478e+01
1.746177692874949283e+00 2.080198523490124387e+02 1.809628776477586598e+01
1.746605722793640236e+00 1.842901208192845388e+02 1.810011676378717382e+01
1.748752576494196020e+00 1.672858044807936437e+02 1.811932751410337161e+01
1.750586203235851013e+00 1.751757242813256710e+02 1.813574303828330514e+01
1.757372674167447801e+00 1.887421711149560224e+02 1.819655993760893509e+01
1.763646572452268302e+00 1.881126415878023863e+02 1.825286884056958669e+01
1.767925853828544280e+00 2.092445861839747181e+02 1.829132282859098879e+01
1.771570477819205180e+00 1.884820414160064956e+02 1.832410372782730335e+01
1.776110669641108419e+00 2.222875455002090916e+02 1.836497818979151120e+01
1.776397702278978752e+00 1.716700514894839102e+02 1.836756372439266016e+01
1.776942948143663603e+00 1.980250248866709342e+02 1.837247566383251041e+01
1.777061226660492821e+00 1.711893833460845258e+02 1.837354127708536566e+01
1.781261693736018170e+00 1.849777127550962632e+02 1.841140355311810950e+01
1.783023993757887116e+00 1.705612373621587494e+02 1.842729948450041633e+01
1.791210115260437608e+00 1.907612847427173506e+02 1.850122231607546652e+01
1.792527576843960357e+00 1.799015447602958488e+02 1.851313225170230581e+01
1.793391684568498512e+00 2.146071852404733704e+02 1.852094578148937387e+01
1.796173022716035295e+00 1.666589840476598283e+02 1.854610593987424849e+01
1.797180094977355314e+00 2.110406447382648878e+02 1.855521990358575835e+01
1.799273796056139574e+00 1.979631421069114765e+02 1.857417448952053363e+01
1.800177571110262775e+00 1.961504377542627822e+02 1.858235928298334372e+01
1.801005092794403240e+00 1.778991475604925654e+02 1.858985498021835880e+01
1.803053640023574822e+00 1.878207084898558890e+02 1.860841678514078623e+01
1.806312513083774274e+00 1.809756518431193228e+02 1.863796305190750147e+01
1.810059051244182982e+00 1.757677586230869338e+02 1.867195759227190521e+01
1.815564745478237985e+00 1.895368330161174697e+02 1.872196613186897096e+01
1.816107197389952077e+00 1.750156411655477484e+02 1.872689660865972527e+01
1.817108565145357346e+00 2.049303786552422935e+02 1.873599986216705204e+01
1.820232596996783858e+00 2.033919904518997726e+02 1.876441303251212034e+01
1.836242744458705722e+00 1.764839195886167715e+02 1.891033796726884830e+01
1.851654991609591683e+00 1.970269507390090098e+02 1.905130488307582226e+01
1.853475131446428836e+00 1.716568671946145344e+02 1.906798437026503379e+01
1.853508218089749082e+00 1.736442449554496363e+02 1.906828763317252751e+01
1.853651943316165784e+00 2.357898982599647866e+02 1.906960500399663516e+01
1.855731342782120485e+00 1.553545850125493928e+02 1.908866923234748114e+01
1.858811027187852183e+00 1.790113920655712434e+02 1.911692023563729137e+01
1.859308771007091021e+00 1.779769738196841899e+02 1.912148800514902547e+01
1.862718558023507498e+00 1.879797094736597387e+02 1.915279286258390457e+01
1.873284794408235587e+00 1.559742350993574576e+02 1.924994871957473919e+01
1.875247666446504091e+00 2.038694897360713583e+02 1.926802188377517666e+01
1.879137016794110160e+00 1.935581257638181683e+02 1.930385592115137428e+01
1.886583797332336498e+00 2.076060890933194401e+02 1.937255034918396746e+01
1.892051754899964688e+00 2.061867946134383089e+02 1.942306122321001638e+01
1.893072646745109999e+00 1.731351432592132653e+02 1.943249843247550501e+01
1.896176262990843409e+00 1.652588918572702141e+02 1.946120127159089108e+01
1.900675606497896020e+00 2.171325792441271290e+02 1.950284611095195686e+01
1.901420973933735770e+00 2.150546786357743088e+02 1.950974893963910617e+01
1.904512684452757565e+00 1.891052130717180830e+02 1.953839297755466475e+01
1.911410426201941792e+00 1.854686090262241862e+02 1.960236746246443928e+01
1.911633412043095781e+00 1.944010697440504885e+02 1.960443716327126396e+01
1.918440877885120965e+00 1.888593487015759251e+02 1.966766979452766861e+01
1.920018259492227930e+00 1.905389629417401807e+02 1.968233472798357298e+01
1.922103130879960542e+00 2.157050146669912465e+02 1.970172534220759530e+01
1.922145066606498087e+00 1.863879614976841310e+02 1.970211545889623039e+01
1.930430261077398679e+00 1.919312723847918107e+02 1.977925843229567349e+01
1.935197788501306082e+00 1.968104545650635941e+02 1.982370991046164477e+01
1.935865455081279496e+00 2.260424886582183603e+02 1.982993867070175398e+01
1.943792264402945946e+00 2.133466379270569178e+02 1.990395597058773447e+01
1.944856270810401355e+00 1.819399450601248134e+02 1.991390061476579376e+01
1.948862981184535048e+00 1.985815727390789220e+02 1.995136889948899750e+01
1.949984251577269401e+00 1.846305384072458082e+02 1.996185996033729992e+01
1.952042974326225977e+00 1.871201730637252183e+02 1.998112861318682576e+01
1.959289725907742863e+00 1.868364192466461589e+02 2.004902064376430459e+01
1.964182964309220125e+00 1.707749672675564341e+02 2.009492150637757746e+01
1.964845007093847240e+00 1.935955400629789267e+02 2.010113536281431834e+01
1.969854996079683840e+00 1.943695654121653149e+02 2.014818621143611566e+01
1.972154839191679887e+00 2.042673312573090243e+02 2.016980133532303299e+01
1.975608772304752403e+00 2.124781392934488338e+02 2.020228251654636153e+01
1.980170572567564236e+00 2.175922967960003973e+02 2.024521771487833988e+01
1.982980750200740161e+00 1.863094207182854518e+02 2.027168691494796349e+01
1.983510519445255138e+00 1.899380164690242054e+02 2.027667855223425875e+01
1.991908709541218681e+00 1.944667601769391467e+02 2.035588128638079297e+01
1.993295783932160781e+00 1.896978971525387294e+02 2.036897581258771694e+01
1.998916437997070972e+00 2.084952964774703332e+02 2.042207502417592480e+01
1.999887804790620560e+00 2.141258796895755836e+02 2.043125785861047561e+01
